ISS (ZARYA)
1 25544U 98067A   25344.60000000  .00016717  00000-0  10270-3 0  9001
2 25544  51.6431 191.5076 0004702  87.9229 326.2149 15.49904961391551

NOAA 15
1 25338U 98030A   25344.53125000  .00000074  00000-0  69723-4 0  9993
2 25338  98.7246  53.1473 0011184  97.1368 263.1163 14.26560163415087

NOAA 18
1 28654U 05018A   25344.57291667  .00000082  00000-0  73956-4 0  9991
2 28654  98.8815 358.2490 0013661 149.4911 210.7282 14.12998436993872

NOAA 19
1 33591U 09005A   25344.55208333  .00000078  00000-0  68415-4 0  9998
2 33591  98.7479  55.2156 0013900 175.7032 184.4135 14.12543985844621

NOAA 20
1 43013U 17073A   25344.58333333  .00000061  00000-0  44523-4 0  9994
2 43013  98.7462  57.1843 0001200  89.5832 270.5447 14.19542961421673

TERRA
1 25994U 99068A   25344.56250000  .00000095  00000-0  27451-4 0  9992
2 25994  98.2121  52.4817 0001432  83.6211 276.5143 14.57115454423618

AQUA
1 27424U 02022A   25344.54166667  .00000105  00000-0  31274-4 0  9997
2 27424  98.2174 199.3021 0001562 108.9245 251.2091 14.57111168248741

HUBBLE SPACE TELESCOPE
1 20580U 90037B   25344.62500000  .00001234  00000-0  63482-4 0  9998
2 20580  28.4697  93.1424 0002461  81.3942 278.7530 15.09336426519872

SWARM A
1 39452U 13067A   25344.58333333 -.00000012  00000-0  15234-5 0  9993
2 39452  87.3512 295.4231 0003127 153.1242 206.9871 13.19561234287651

SWARM B
1 39451U 13067B   25344.57291667 -.00000010  00000-0  12541-5 0  9991
2 39451  87.7531 294.8762 0004512 149.3241 210.8124 13.19872341287432

SWARM C
1 39453U 13067C   25344.56250000 -.00000011  00000-0  13872-5 0  9994
2 39453  87.3498 295.1543 0003012 152.4321 207.6432 13.19643217287543

GPS BIIR-2 (PRN 13)
1 24876U 97035A   25344.50000000 -.00000023  00000-0  00000+0 0  9993
2 24876  55.1234  48.9821 0112341 287.4321  71.4231  2.00563412187654

GPS BIIR-5 (PRN 11)
1 25933U 99055A   25344.50000000 -.00000019  00000-0  00000+0 0  9991
2 25933  56.2341  51.2314 0145231 290.1234  68.7432  2.00561234187321

GPS BIIRM-1 (PRN 17)
1 28874U 05038A   25344.50000000 -.00000021  00000-0  00000+0 0  9997
2 28874  55.0123  47.8721 0134512 285.3241  73.5321  2.00562341187542

GPS BIIRM-3 (PRN 12)
1 29601U 06042A   25344.50000000 -.00000018  00000-0  00000+0 0  9994
2 29601  56.1234  50.1234 0123421 288.2341  70.6432  2.00563412187643

GLONASS-M 730
1 32276U 07065A   25344.52083333  .00000000  00000-0  00000+0 0  9995
2 32276  64.8123  47.3241 0012341 247.1234 112.6543  2.13104321198712

GLONASS-M 735
1 32275U 07065B   25344.52083333  .00000000  00000-0  00000+0 0  9992
2 32275  64.9234  48.2341 0011231 246.2341 113.5432  2.13103412198654

GLONASS-M 742
1 33413U 08064A   25344.52083333  .00000000  00000-0  00000+0 0  9991
2 33413  64.7512  46.9871 0013412 248.3412 111.4321  2.13105234198743

GALILEO-FOC FM1
1 40128U 14050B   25344.54166667 -.00000037  00000-0  00000+0 0  9993
2 40128  55.9871 124.3241 0002341 287.1234  72.7432  1.70475312152341

GALILEO-FOC FM2
1 40129U 14050C   25344.54166667 -.00000039  00000-0  00000+0 0  9991
2 40129  55.8762 125.2341 0002512 286.2341  73.6543  1.70474231152432

GALILEO-FOC FM3
1 40544U 15017A   25344.54166667 -.00000041  00000-0  00000+0 0  9994
2 40544  55.7654 123.8712 0002198 288.5432  71.3241  1.70473142152321

GALILEO-FOC FM4
1 40545U 15017B   25344.54166667 -.00000038  00000-0  00000+0 0  9997
2 40545  56.0123 124.7823 0002387 287.4321  72.4532  1.70476423152412

STARLINK-1001
1 44713U 19074A   25344.55208333  .00002345  00000-0  15234-3 0  9991
2 44713  53.0012 143.2341 0001234  81.2341 278.8712 15.05613412398712

STARLINK-1002
1 44714U 19074B   25344.55208333  .00002234  00000-0  14523-3 0  9994
2 44714  53.0123 142.1234 0001123  82.1234 277.9821 15.05612341398654

STARLINK-1003
1 44715U 19074C   25344.55208333  .00002456  00000-0  15987-3 0  9992
2 44715  52.9871 144.3452 0001345  80.3452 279.7634 15.05614523398743

STARLINK-1004
1 44716U 19074D   25344.55208333  .00002312  00000-0  14987-3 0  9995
2 44716  53.0234 141.0123 0001098  83.0123 276.8712 15.05611230398621

STARLINK-1005
1 44717U 19074E   25344.55208333  .00002398  00000-0  15612-3 0  9993
2 44717  52.9765 145.4563 0001456  79.4563 280.6745 15.05615634398832

STARLINK-1006
1 44718U 19074F   25344.55208333  .00002267  00000-0  14712-3 0  9991
2 44718  53.0345 140.9012 0001012  84.0012 275.7621 15.05610122398512

STARLINK-1007
1 44719U 19074G   25344.55208333  .00002421  00000-0  15743-3 0  9996
2 44719  52.9654 146.5674 0001567  78.5674 281.5856 15.05616745398923

STARLINK-1008
1 44720U 19074H   25344.55208333  .00002189  00000-0  14234-3 0  9993
2 44720  53.0456 139.8901 0000987  85.0901 274.8512 15.05609011398401

STARLINK-1009
1 44721U 19074J   25344.55208333  .00002534  00000-0  16234-3 0  9994
2 44721  52.9543 147.6785 0001678  77.6785 282.4967 15.05617856399014

STARLINK-1010
1 44722U 19074K   25344.55208333  .00002156  00000-0  13956-3 0  9991
2 44722  53.0567 138.7890 0000876  86.1890 273.9401 15.05607900398290

STARLINK-1011
1 44723U 19074L   25344.55208333  .00002578  00000-0  16512-3 0  9997
2 44723  52.9432 148.7896 0001789  76.7896 283.4078 15.05618967399105

STARLINK-1012
1 44724U 19074M   25344.55208333  .00002112  00000-0  13678-3 0  9994
2 44724  53.0678 137.6789 0000765  87.2789 272.8290 15.05606789398179

STARLINK-1013
1 44725U 19074N   25344.55208333  .00002623  00000-0  16798-3 0  9992
2 44725  52.9321 149.9007 0001890  75.8907 284.4189 15.05620078399196

STARLINK-1014
1 44726U 19074P   25344.55208333  .00002078  00000-0  13412-3 0  9995
2 44726  53.0789 136.5678 0000654  88.3678 271.7179 15.05605678398068

STARLINK-1015
1 44727U 19074Q   25344.55208333  .00002667  00000-0  17012-3 0  9993
2 44727  52.9210 151.0118 0001901  74.8018 285.3300 15.05621189399287

IRIDIUM 1
1 24792U 97020A   25344.56250000  .00000082  00000-0  22341-4 0  9991
2 24792  86.4012  72.3412 0002341 124.5432 235.5871 14.34201234312541

IRIDIUM 4
1 24795U 97020D   25344.56250000  .00000079  00000-0  21234-4 0  9994
2 24795  86.3921  71.2341 0002234 125.4321 234.6782 14.34200123312432

IRIDIUM 7
1 24796U 97020E   25344.56250000  .00000085  00000-0  23456-4 0  9992
2 24796  86.4103  73.4523 0002456 123.4543 236.6960 14.34202345312652

IRIDIUM NEXT-1
1 41917U 17003A   25344.57291667  .00000043  00000-0  11234-4 0  9993
2 41917  86.3921  74.5632 0002108 127.3241 232.8012 14.34217823319871

IRIDIUM NEXT-2
1 41918U 17003B   25344.57291667  .00000041  00000-0  10987-4 0  9996
2 41918  86.4012  73.4521 0002009 128.2341 231.9123 14.34216712319762

IRIDIUM NEXT-3
1 41919U 17003C   25344.57291667  .00000045  00000-0  11512-4 0  9994
2 41919  86.3830  75.6743 0002207 126.4352 233.7901 14.34218934319980

SENTINEL-1A
1 39634U 14016A   25344.58333333  .00000034  00000-0  17234-4 0  9993
2 39634  98.1824 170.4312 0001234  89.4312 270.6941 14.59198712421654

SENTINEL-1B
1 41456U 16025A   25344.58333333  .00000031  00000-0  15987-4 0  9991
2 41456  98.1812 169.3201 0001123  90.3201 269.7850 14.59197601421543

SENTINEL-2A
1 40697U 15028A   25344.59375000  .00000028  00000-0  14523-4 0  9994
2 40697  98.5652 168.2190 0001012  91.2190 268.8739 14.30818490413212

SENTINEL-2B
1 42063U 17013A   25344.59375000  .00000026  00000-0  13456-4 0  9992
2 42063  98.5641 167.1179 0000901  92.1179 267.9628 14.30817379413101

SENTINEL-3A
1 41335U 16011A   25344.60416667  .00000019  00000-0  10234-4 0  9995
2 41335  98.6281 166.0168 0000790  93.0168 267.0517 14.26741268406789

SENTINEL-3B
1 43437U 18039A   25344.60416667  .00000017  00000-0  09123-4 0  9993
2 43437  98.6270 164.9157 0000679  93.9157 266.1406 14.26740157406678

METOP-A
1 29499U 06044A   25344.56250000  .00000012  00000-0  65234-5 0  9994
2 29499  98.7056 345.2341 0001234 105.3241 254.8012 14.21498312397654

METOP-B
1 38771U 12049A   25344.56250000  .00000010  00000-0  54123-5 0  9991
2 38771  98.7045 344.1230 0001123 106.2230 253.9123 14.21497201397543

METOP-C
1 43689U 18087A   25344.56250000  .00000008  00000-0  43012-5 0  9993
2 43689  98.7034 343.0119 0001012 107.1119 253.0234 14.21496090397432

LANDSAT 7
1 25682U 99020A   25344.55208333  .00000067  00000-0  32341-4 0  9992
2 25682  98.2021  53.1234 0001890  96.3241 263.8012 14.57266512421321

LANDSAT 8
1 39084U 13008A   25344.55208333  .00000058  00000-0  28123-4 0  9995
2 39084  98.2010  52.0123 0001780  97.2230 262.9123 14.57265401421210

LANDSAT 9
1 49260U 21088A   25344.55208333  .00000049  00000-0  23956-4 0  9993
2 49260  98.2001  51.9012 0001670  98.1219 262.0234 14.57264290421099

GOES-16
1 41866U 16071A   25344.50000000 -.00000304  00000-0  00000+0 0  9994
2 41866   0.0512 280.3241 0001234  45.3241 204.6512  1.00270312 33401

GOES-17
1 43226U 18022A   25344.50000000 -.00000298  00000-0  00000+0 0  9991
2 43226   0.0423 279.2130 0001123  46.2230 203.7623  1.00270201 33312

GOES-18
1 51850U 22021A   25344.50000000 -.00000291  00000-0  00000+0 0  9993
2 51850   0.0334 278.1019 0001012  47.1119 202.8734  1.00270090 33223

BEIDOU-3 MEO-1
1 43001U 17069A   25344.52083333 -.00000045  00000-0  00000+0 0  9994
2 43001  55.1234  48.3241 0014523 293.4231  66.3241  1.86236523 21543

BEIDOU-3 MEO-2
1 43002U 17069B   25344.52083333 -.00000043  00000-0  00000+0 0  9991
2 43002  55.2345  49.4352 0013412 292.3120  67.4352  1.86235412 21432

BEIDOU-3 MEO-3
1 43245U 18010A   25344.52083333 -.00000047  00000-0  00000+0 0  9993
2 43245  55.0123  47.2130 0015634 294.5342  65.2130  1.86237634 21654

BEIDOU-3 MEO-4
1 43246U 18010B   25344.52083333 -.00000041  00000-0  00000+0 0  9996
2 43246  55.3456  50.5463 0012301 291.2009  68.5463  1.86234301 21321

QZSS-1 (MICHIBIKI-1)
1 37158U 10032A   25344.54166667 -.00000134  00000-0  00000+0 0  9995
2 37158  43.1234  60.2341 0752341 270.2341 281.3241  1.00268523 55234

QZSS-2 (MICHIBIKI-2)
1 42738U 17028A   25344.54166667 -.00000129  00000-0  00000+0 0  9992
2 42738  43.0123  59.1230 0742230 271.1230 280.4352  1.00268412 55123

TIANHE (CSS CORE)
1 48274U 21035A   25344.60416667  .00011234  00000-0  68234-3 0  9993
2 48274  41.4712 189.3241 0004523  87.1234 272.9871 15.62891234398712

JASON-3
1 41240U 16002A   25344.57291667  .00000023  00000-0  11234-4 0  9994
2 41240  66.0423 145.3241 0013241 107.4312 252.8012 12.80874512312741

CRYOSAT-2
1 36508U 10013A   25344.58333333  .00000017  00000-0  85123-5 0  9991
2 36508  92.0012 197.5632 0014512 103.2341 256.9871 14.52301234421321

GRACE-FO A
1 43476U 18047A   25344.56250000  .00000034  00000-0  17234-4 0  9993
2 43476  89.0012 167.2341 0011234 102.5432 257.6012 16.00342312468712

GRACE-FO B
1 43477U 18047B   25344.56250000  .00000032  00000-0  16123-4 0  9991
2 43477  89.0001 167.1230 0011123 102.4321 257.7123 16.00341201468601

CLOUDSAT
1 29107U 06016B   25344.57291667  .00000056  00000-0  27234-4 0  9994
2 29107  98.2341 170.1234 0002341  97.3412 262.8012 14.58198712421543

CALIPSO
1 29108U 06016C   25344.57291667  .00000054  00000-0  26123-4 0  9992
2 29108  98.2330 170.0123 0002230  97.4523 262.7123 14.58197601421432

AURA
1 28376U 04026A   25344.55208333  .00000045  00000-0  22012-4 0  9995
2 28376  98.2123 168.9012 0002120  98.5634 261.6234 14.57861490421209

SUOMI-NPP
1 37849U 11061A   25344.54166667  .00000037  00000-0  18512-4 0  9993
2 37849  98.7123 165.8901 0001120  99.6745 260.5345 14.19561379413098

ICESAT-2
1 43613U 18070A   25344.55208333  .00000023  00000-0  11512-4 0  9994
2 43613  92.0023 154.7890 0001010 100.7856 259.4456 15.30541268424987

SMAP
1 40376U 15003A   25344.56250000  .00000019  00000-0  95123-5 0  9991
2 40376  98.1234 163.6789 0001901 101.8967 258.3567 14.63201157416876

OCO-2
1 40059U 14035A   25344.57291667  .00000015  00000-0  76234-5 0  9993
2 40059  98.2345 162.5678 0001790 102.9078 257.2678 14.57112046416765

WORLDVIEW-1
1 32060U 07041A   25344.58333333  .00001234  00000-0  63412-4 0  9994
2 32060  97.4012 171.8901 0002341  94.3234 265.8012 15.25098712433721

WORLDVIEW-2
1 35946U 09055A   25344.58333333  .00001123  00000-0  58234-4 0  9991
2 35946  97.4001 170.7890 0002230  95.2345 264.9123 15.25097601433610

GEOEYE-1
1 33331U 08042A   25344.59375000  .00001012  00000-0  53123-4 0  9993
2 33331  98.1234 169.6789 0002120  96.1456 264.0234 15.25098490433499

TANDEM-X
1 36605U 10030A   25344.56250000  .00000034  00000-0  17012-4 0  9994
2 36605  97.4512 170.5678 0001901  97.0567 263.1345 15.19147379427988

TERRASAR-X
1 31698U 07026A   25344.56250000  .00000031  00000-0  15523-4 0  9991
2 31698  97.4501 169.4567 0001790  98.0678 262.2456 15.19146268427877

COSMO-SKYMED 1
1 31598U 07023A   25344.57291667  .00000056  00000-0  27512-4 0  9993
2 31598  97.8512 171.3456 0001680  98.9789 261.3567 14.82198157424766

COSMO-SKYMED 2
1 32376U 07054A   25344.57291667  .00000054  00000-0  26401-4 0  9996
2 32376  97.8501 170.2345 0001570  99.8900 260.4678 14.82197046424655

COSMO-SKYMED 3
1 33412U 08031A   25344.57291667  .00000052  00000-0  25290-4 0  9994
2 33412  97.8490 169.1234 0001460 100.9011 259.5789 14.82195935424544

COSMO-SKYMED 4
1 36599U 10019A   25344.57291667  .00000050  00000-0  24179-4 0  9991
2 36599  97.8479 168.0123 0001350 101.9122 258.6900 14.82194824424433

O3B FM1
1 39158U 13034A   25344.54166667 -.00000056  00000-0  00000+0 0  9994
2 39158   0.0412 245.3241 0012341  56.4312 123.4512  5.00116523 87654

O3B FM2
1 39159U 13034B   25344.54166667 -.00000054  00000-0  00000+0 0  9991
2 39159   0.0401 244.2130 0011230  57.3423 122.5623  5.00115412 87543

O3B FM3
1 39160U 13034C   25344.54166667 -.00000058  00000-0  00000+0 0  9993
2 39160   0.0423 246.4352 0013452  55.3201 124.5834  5.00117634 87765

INTELSAT 1 (EARLY BIRD)
1 01360U 65028A   25344.50000000 -.00000312  00000-0  00000+0 0  9993
2 01360   0.0234 358.1234 0004123  67.5321 102.3241  1.00271523 97654

INTELSAT 905
1 27438U 02028A   25344.50000000 -.00000301  00000-0  00000+0 0  9996
2 27438   0.0345 357.0123 0003012  68.4432 101.4352  1.00271412 97543

INTELSAT 907
1 28358U 04009A   25344.50000000 -.00000298  00000-0  00000+0 0  9994
2 28358   0.0256 359.2345 0005234  66.2210 103.6563  1.00271301 97432

EUTELSAT 7A
1 26666U 01004A   25344.50000000 -.00000295  00000-0  00000+0 0  9991
2 26666   0.0167 356.9012 0002901  69.5543 100.3463  1.00271190 97321

EUTELSAT 36B
1 37237U 10054A   25344.50000000 -.00000292  00000-0  00000+0 0  9993
2 37237   0.0178 355.8901 0001790  70.6654  99.2374  1.00271079 97210

SES-1
1 36516U 10016A   25344.50000000 -.00000289  00000-0  00000+0 0  9996
2 36516   0.0289 354.7890 0000679  71.7765  98.1285  1.00270968 97099

SES-4
1 38087U 12011A   25344.50000000 -.00000286  00000-0  00000+0 0  9994
2 38087   0.0290 353.6789 0000568  72.8876  97.0196  1.00270857 96988

ASTRA 1N
1 37775U 11062A   25344.50000000 -.00000283  00000-0  00000+0 0  9991
2 37775   0.0301 352.5678 0000457  73.9987  95.9107  1.00270746 96877

ASTRA 2E
1 39285U 13056A   25344.50000000 -.00000280  00000-0  00000+0 0  9993
2 39285   0.0312 351.4567 0000346  74.9098  94.8018  1.00270635 96766

MOLNIYA 3-50
1 25485U 98054A   25344.62500000  .00000234  00000-0  00000+0 0  9994
2 25485  62.8012  45.2341 7412341 270.1234  12.4321  2.00683512 93412

MOLNIYA 1-91
1 28163U 04005A   25344.62500000  .00000212  00000-0  00000+0 0  9991
2 28163  62.9123  44.1230 7323230 271.0123  11.5432  2.00682401 93301

COSMOS 2542
1 44797U 19090A   25344.55208333  .00000056  00000-0  27512-4 0  9993
2 44797  97.8241 169.3412 0001234  98.4123 261.7234 14.76923412421098

COSMOS 2543
1 44798U 19090B   25344.55208333  .00000054  00000-0  26401-4 0  9996
2 44798  97.8230 168.2301 0001123  99.3234 260.8345 14.76922301420987

COSMOS 2545
1 44835U 19092A   25344.56250000  .00000052  00000-0  25290-4 0  9994
2 44835  97.9512 167.1190 0001012 100.2345 259.9456 14.77923190421876

COSMOS 2551
1 49747U 21096A   25344.57291667  .00000048  00000-0  23068-4 0  9991
2 49747  98.1234 166.0079 0000901 101.1456 259.0567 14.79874079422765

COSMOS 1408 DEB-1
1 52941U 82092AE  25344.58333333  .00001234  00000-0  64512-4 0  9993
2 52941  82.9512 143.2341 0034512 203.4123 156.4234 14.87243412427654

COSMOS 1408 DEB-2
1 52942U 82092AF  25344.58333333  .00001198  00000-0  62401-4 0  9996
2 52942  82.9501 143.1230 0034401 203.5234 155.5345 14.87242301427543

COSMOS 1408 DEB-3
1 52943U 82092AG  25344.58333333  .00001162  00000-0  60290-4 0  9994
2 52943  82.9490 143.0119 0034290 203.6345 154.6456 14.87241190427432

DOVE FLOCK 1A-1
1 39418U 13066C   25344.59375000  .00002345  00000-0  15234-3 0  9991
2 39418  97.6512 172.3456 0001234  95.2341 264.9012 15.09543412432761

DOVE FLOCK 1A-2
1 39419U 13066D   25344.59375000  .00002234  00000-0  14523-3 0  9993
2 39419  97.6501 171.2345 0001123  96.1452 264.0123 15.09542301432650

DOVE FLOCK 1A-3
1 39420U 13066E   25344.59375000  .00002456  00000-0  15987-3 0  9996
2 39420  97.6490 170.1234 0001012  97.0563 263.1234 15.09544523432872

LEMUR-2-1
1 40909U 15058A   25344.60416667  .00000234  00000-0  11234-3 0  9994
2 40909  97.7012 171.5432 0001890  97.6321 262.5012 14.76123412421087

LEMUR-2-2
1 40910U 15058B   25344.60416667  .00000223  00000-0  10987-3 0  9991
2 40910  97.7001 170.4321 0001780  98.5432 261.6123 14.76122301420976

LEMUR-2-3
1 40911U 15058C   25344.60416667  .00000245  00000-0  11512-3 0  9993
2 40911  97.6990 169.3210 0001670  99.4543 260.7234 14.76123523421198

SPIRE FM-1
1 42768U 17036A   25344.61458333  .00000189  00000-0  90234-4 0  9994
2 42768  97.8512 170.4312 0001560 100.3654 259.8345 14.89234412424987

SPIRE FM-2
1 42769U 17036B   25344.61458333  .00000178  00000-0  85123-4 0  9991
2 42769  97.8501 169.3201 0001450 101.2765 258.9456 14.89233301424876

FUNCUBE-1
1 39444U 13066AH  25344.62500000  .00001234  00000-0  64512-4 0  9993
2 39444  97.7012 172.6789 0001340 102.1876 258.0567 15.05498412432765

NUSAT-1
1 41557U 16033A   25344.63541667  .00000456  00000-0  22512-4 0  9994
2 41557  97.4512 171.5678 0001230 103.0987 257.1678 15.26541301436654

NUSAT-2
1 41558U 16033B   25344.63541667  .00000445  00000-0  21901-4 0  9991
2 41558  97.4501 170.4567 0001120 104.0098 256.2789 15.26540190436543

INSAT-3D
1 39216U 13040A   25344.50000000 -.00000312  00000-0  00000+0 0  9994
2 39216   0.0512  94.2341 0001234  67.3241  92.5321  1.00271523 45987

INSAT-3DR
1 41752U 16054A   25344.50000000 -.00000305  00000-0  00000+0 0  9991
2 41752   0.0423  93.1230 0001123  68.2330  91.6432  1.00271412 45876

INSAT-3A
1 27714U 03006A   25344.50000000 -.00000298  00000-0  00000+0 0  9993
2 27714   0.0334  92.0119 0001012  69.1419  90.7543  1.00271301 45765

INSAT-3C
1 27384U 02007A   25344.50000000 -.00000291  00000-0  00000+0 0  9996
2 27384   0.0245  90.9008 0000901  70.0508  89.8654  1.00271190 45654

INSAT-3E
1 27901U 03046A   25344.50000000 -.00000284  00000-0  00000+0 0  9994
2 27901   0.0156  89.7897 0000790  70.9597  88.9765  1.00271079 45543

INSAT-4A
1 28911U 05049A   25344.50000000 -.00000277  00000-0  00000+0 0  9991
2 28911   0.0167  88.6786 0000679  71.8686  88.0876  1.00270968 45432

INSAT-4B
1 30793U 07007A   25344.50000000 -.00000270  00000-0  00000+0 0  9993
2 30793   0.0178  87.5675 0000568  72.7775  87.1987  1.00270857 45321

GSAT-6
1 40880U 15032A   25344.50000000 -.00000263  00000-0  00000+0 0  9996
2 40880   0.0289  86.4564 0000457  73.6864  86.3098  1.00270746 45210

GSAT-7
1 39234U 13043A   25344.50000000 -.00000256  00000-0  00000+0 0  9994
2 39234   0.0290  85.3453 0000346  74.5953  85.4209  1.00270635 45099

GSAT-7A
1 43751U 18082A   25344.50000000 -.00000249  00000-0  00000+0 0  9991
2 43751   0.0301  84.2342 0000235  75.5042  84.5320  1.00270524 44988

GSAT-9
1 42695U 17017A   25344.50000000 -.00000242  00000-0  00000+0 0  9993
2 42695   0.0312  83.1231 0000124  76.4131  83.6431  1.00270413 44877

GSAT-11
1 43751U 18082B   25344.50000000 -.00000235  00000-0  00000+0 0  9996
2 43751   0.0323  82.0120 0000013  77.3220  82.7542  1.00270302 44766

GSAT-12
1 37605U 11035A   25344.50000000 -.00000228  00000-0  00000+0 0  9994
2 37605   0.0234  80.9009 0000002  78.2309  81.8653  1.00270191 44655

GSAT-14
1 39498U 14007A   25344.50000000 -.00000221  00000-0  00000+0 0  9991
2 39498   0.0245  79.7898 0000001  79.1398  80.9764  1.00270080 44544

GSAT-15
1 40981U 15065A   25344.50000000 -.00000214  00000-0  00000+0 0  9993
2 40981   0.0256  78.6787 0000012  80.0487  80.0875  1.00269969 44433

GSAT-16
1 40332U 14078A   25344.50000000 -.00000207  00000-0  00000+0 0  9996
2 40332   0.0267  77.5676 0000123  80.9576  79.1986  1.00269858 44322

GSAT-17
1 42697U 17017B   25344.50000000 -.00000200  00000-0  00000+0 0  9994
2 42697   0.0278  76.4565 0000234  81.8665  78.3097  1.00269747 44211

GSAT-18
1 41793U 16059A   25344.50000000 -.00000193  00000-0  00000+0 0  9991
2 41793   0.0289  75.3454 0000345  82.7754  77.4208  1.00269636 44100

GSAT-19
1 42747U 17020A   25344.50000000 -.00000186  00000-0  00000+0 0  9993
2 42747   0.0290  74.2343 0000456  83.6843  76.5319  1.00269525 43989

GSAT-29
1 43698U 18087B   25344.50000000 -.00000179  00000-0  00000+0 0  9996
2 43698   0.0301  73.1232 0000567  84.5932  75.6430  1.00269414 43878

GSAT-30
1 45026U 20004A   25344.50000000 -.00000172  00000-0  00000+0 0  9994
2 45026   0.0312  72.0121 0000678  85.5021  74.7541  1.00269303 43767

GSAT-31
1 44053U 19003A   25344.50000000 -.00000165  00000-0  00000+0 0  9991
2 44053   0.0323  70.9010 0000789  86.4110  73.8652  1.00269192 43656

GSAT-32
1 57321U 23058A   25344.50000000 -.00000158  00000-0  00000+0 0  9993
2 57321   0.0334  69.7899 0000890  87.3199  72.9763  1.00269081 43545

GSAT-33
1 58432U 23089A   25344.50000000 -.00000151  00000-0  00000+0 0  9996
2 58432   0.0345  68.6788 0000901  88.2288  72.0874  1.00268970 43434

KALPANA-1
1 27698U 02053A   25344.50000000 -.00000144  00000-0  00000+0 0  9994
2 27698   0.0256  67.5677 0000790  89.1377  71.1985  1.00268859 43323

RESOURCESAT-1
1 27638U 03046B   25344.56250000  .00000045  00000-0  22012-4 0  9991
2 27638  98.7012 165.4321 0001234  98.2341 261.9012 14.22567412397654

RESOURCESAT-2
1 37821U 11019A   25344.56250000  .00000041  00000-0  20234-4 0  9993
2 37821  98.6901 164.3210 0001123  99.1452 260.9923 14.22566301397543

RESOURCESAT-2A
1 41877U 16075A   25344.56250000  .00000037  00000-0  18456-4 0  9996
2 41877  98.6790 163.2099 0001012 100.0563 260.0834 14.22565190397432

CARTOSAT-1
1 28649U 05017A   25344.57291667  .00000034  00000-0  16678-4 0  9994
2 28649  97.9012 164.1234 0001901 100.9674 259.2345 14.41234079411321

CARTOSAT-2
1 29710U 07007B   25344.57291667  .00000032  00000-0  15901-4 0  9991
2 29710  97.8901 163.0123 0001790 101.8785 258.3456 14.41232968411210

CARTOSAT-2A
1 32783U 08021A   25344.57291667  .00000030  00000-0  15124-4 0  9993
2 32783  97.8790 161.9012 0001680 102.7896 257.4567 14.41231857411099

CARTOSAT-2B
1 36122U 09042A   25344.57291667  .00000028  00000-0  14347-4 0  9996
2 36122  97.8679 160.7901 0001570 103.6907 256.5678 14.41230746410988

CARTOSAT-2C
1 41599U 16040A   25344.57291667  .00000026  00000-0  13570-4 0  9994
2 41599  97.8568 159.6790 0001460 104.6018 255.6789 14.41229635410877

CARTOSAT-2D
1 42063U 17013B   25344.57291667  .00000024  00000-0  12793-4 0  9991
2 42063  97.8457 158.5679 0001350 105.5129 254.7900 14.41228524410766

CARTOSAT-2E
1 42747U 17020B   25344.57291667  .00000022  00000-0  12016-4 0  9993
2 42747  97.8346 157.4568 0001240 106.4240 253.9011 14.41227413410655

CARTOSAT-2F
1 43111U 18004A   25344.57291667  .00000020  00000-0  11239-4 0  9996
2 43111  97.8235 156.3457 0001130 107.3351 253.0122 14.41226302410544

CARTOSAT-3
1 45026U 20004B   25344.57291667  .00000018  00000-0  10462-4 0  9994
2 45026  97.8124 155.2346 0001020 108.2462 252.1233 14.41225191410433

CARTOSAT-4
1 57432U 23091A   25344.57291667  .00000016  00000-0  09685-4 0  9991
2 57432  97.8013 154.1235 0000910 109.1573 251.2344 14.41224080410322

OCEANSAT-2
1 35931U 09049A   25344.58333333  .00000056  00000-0  27512-4 0  9993
2 35931  98.2872 166.5432 0001234  99.3412 260.8012 14.19212412397312

OCEANSAT-3
1 54361U 22153A   25344.58333333  .00000049  00000-0  24123-4 0  9996
2 54361  98.2761 165.4321 0001123 100.2523 259.9123 14.19211301397201

RISAT-1
1 38248U 12019A   25344.59375000  .00000067  00000-0  33012-4 0  9994
2 38248  97.5512 167.6543 0001901 100.8674 259.3678 14.35234079413654

RISAT-2B
1 44233U 19028A   25344.59375000  .00000059  00000-0  29123-4 0  9991
2 44233  37.0012 168.5432 0001790 101.7785 258.4789 14.91523968421543

RISAT-2BR1
1 45229U 19093A   25344.59375000  .00000053  00000-0  26234-4 0  9993
2 45229  36.9901 167.4321 0001680 102.6896 257.5900 14.91522857421432

RISAT-2BR2
1 46979U 21006A   25344.59375000  .00000047  00000-0  23345-4 0  9996
2 46979  36.9790 166.3210 0001570 103.5907 256.6911 14.91521746421321

IRNSS-1A (NAVIC)
1 39199U 13034D   25344.54166667 -.00000134  00000-0  00000+0 0  9994
2 39199  27.8512  57.2341 0014512 270.3241 281.4512  1.00270523 87432

IRNSS-1B (NAVIC)
1 39635U 14017A   25344.54166667 -.00000129  00000-0  00000+0 0  9991
2 39635  27.8401  56.1230 0013401 271.2330 280.5623  1.00270412 87321

IRNSS-1C (NAVIC)
1 40269U 14061A   25344.54166667 -.00000124  00000-0  00000+0 0  9993
2 40269  27.8290  55.0119 0012290 272.1419 279.6734  1.00270301 87210

IRNSS-1D (NAVIC)
1 40547U 15018A   25344.54166667 -.00000119  00000-0  00000+0 0  9996
2 40547  27.8179  53.9008 0011179 273.0508 278.7845  1.00270190 87099

IRNSS-1E (NAVIC)
1 41241U 16003A   25344.54166667 -.00000114  00000-0  00000+0 0  9994
2 41241  27.8068  52.7897 0010068 273.9597 277.8956  1.00270079 86988

IRNSS-1F (NAVIC)
1 41384U 16010A   25344.54166667 -.00000109  00000-0  00000+0 0  9991
2 41384  27.7957  51.6786 0008957 274.8686 277.0067  1.00269968 86877

IRNSS-1G (NAVIC)
1 41469U 16016A   25344.54166667 -.00000104  00000-0  00000+0 0  9993
2 41469  27.7846  50.5675 0007846 275.7775 276.1178  1.00269857 86766

IRNSS-1H (NAVIC)
1 42915U 17055A   25344.54166667 -.00000099  00000-0  00000+0 0  9996
2 42915  27.7735  49.4564 0006735 276.6864 275.2289  1.00269746 86655

IRNSS-1I (NAVIC)
1 43286U 18023A   25344.54166667 -.00000094  00000-0  00000+0 0  9994
2 43286  27.7624  48.3453 0005624 277.5953 274.3400  1.00269635 86544

IRNSS-1J (NAVIC)
1 46945U 20091A   25344.54166667 -.00000089  00000-0  00000+0 0  9991
2 46945  27.7513  47.2342 0004513 278.5042 273.4511  1.00269524 86433

NVS-01
1 56759U 23060A   25344.54166667 -.00000084  00000-0  00000+0 0  9993
2 56759  27.7402  46.1231 0003402 279.4131 272.5622  1.00269413 86322

NVS-02
1 57432U 23091B   25344.54166667 -.00000079  00000-0  00000+0 0  9996
2 57432  27.7291  45.0120 0002291 280.3220 271.6733  1.00269302 86211

EOS-01
1 46879U 20065A   25344.59375000  .00000041  00000-0  20234-4 0  9994
2 46879  37.0234 166.7654 0001234 104.4573 255.7678 14.91523857421432

EOS-03 (GISAT-1)
1 49753U 21059A   25344.50000000 -.00000312  00000-0  00000+0 0  9991
2 49753   0.0156  86.3241 0000901  88.1241  71.7512  1.00271523 34521

EOS-04
1 51656U 22010A   25344.60416667  .00000037  00000-0  18456-4 0  9993
2 51656  98.0012 165.8765 0001123 105.3684 254.8789 14.24234746413321

EOS-07
1 57320U 23023A   25344.61458333  .00000033  00000-0  16234-4 0  9996
2 57320  97.9901 164.7654 0001012 106.2795 253.9900 14.34512635414210

EOS-08
1 59012U 24042A   25344.62500000  .00000029  00000-0  14012-4 0  9994
2 59012  98.0234 163.6543 0000901 107.1906 253.1011 14.45678524415099

EOS-09
1 60123U 24087A   25344.63541667  .00000025  00000-0  12345-4 0  9991
2 60123  98.1345 162.5432 0000790 108.1017 252.2122 14.56234413415988

ASTROSAT
1 40930U 15052A   25344.56250000  .00000019  00000-0  95234-5 0  9993
2 40930   5.9512  67.4321 0012341 206.5341 153.3512  6.53012523 65432

MICROSAT-R
1 44103U 19006A   25344.57291667  .00001234  00000-0  64512-4 0  9996
2 44103  96.4012 171.2341 0001890 107.0512 253.1341 15.23456412433512

MICROSAT-TD
1 43469U 18035A   25344.57291667  .00000456  00000-0  22512-4 0  9994
2 43469  97.6512 170.1230 0001780 108.0623 252.2452 15.13234301431401

INS-1A
1 41877U 16075B   25344.58333333  .00001456  00000-0  75234-4 0  9991
2 41877  97.9512 172.3456 0001670 108.9734 251.3563 15.17234190432290

INS-1B
1 41878U 16075C   25344.58333333  .00001345  00000-0  69123-4 0  9993
2 41878  97.9401 171.2345 0001560 109.8845 250.4674 15.17233079432179

INS-1C
1 43111U 18004B   25344.58333333  .00001234  00000-0  63012-4 0  9996
2 43111  97.9290 170.1234 0001450 110.7956 249.5785 15.17231968432068

PRATHAM
1 41790U 16059B   25344.59375000  .00001789  00000-0  92234-4 0  9994
2 41790  19.9512 173.4567 0031234 212.3412 147.5321 15.34123857435957

SATHYABAMSAT
1 43111U 18004C   25344.59375000  .00001678  00000-0  86123-4 0  9991
2 43111  97.9179 169.0123 0001340 111.7067 248.6896 15.17230857431957

SWAYAM
1 41803U 16066A   25344.60416667  .00001567  00000-0  80012-4 0  9993
2 41803  97.4512 171.9012 0001230 112.6178 247.8007 15.11234746429846

PISAT
1 39416U 13066B   25344.60416667  .00001456  00000-0  74901-4 0  9996
2 39416  97.8012 170.7901 0001120 113.5289 246.9118 15.23432635433735

STUDSAT-2A
1 43111U 18004D   25344.61458333  .00001345  00000-0  68790-4 0  9994
2 43111  97.9068 168.9890 0001010 114.4400 246.0229 15.17229746430624

STUDSAT-2B
1 43112U 18004E   25344.61458333  .00001234  00000-0  62679-4 0  9991
2 43112  97.8957 167.8779 0000900 115.3511 245.1340 15.17228635430513

EMISAT
1 43947U 19020A   25344.62500000  .00000345  00000-0  17012-4 0  9993
2 43947  98.4512 165.7654 0001234 104.8123 255.3512 14.46723524416402

JUGNU
1 37839U 11048A   25344.63541667  .00002345  00000-0  15234-3 0  9996
2 37839  19.9512 174.5678 0031234 213.4523 146.4210 15.34122413436291

ANUSAT
1 34643U 09015A   25344.64583333  .00001234  00000-0  64512-4 0  9994
2 34643  97.9512 173.4567 0001123 105.7234 254.4567 14.66543302420180

SARAL
1 39086U 13009A   25344.65625000  .00000023  00000-0  11512-4 0  9991
2 39086  98.5512 167.3456 0001012 106.6345 253.5678 14.32345191413069

MEGHA-TROPIQUES
1 37838U 11048B   25344.65625000  .00000019  00000-0  95234-5 0  9993
2 37838  19.9401 175.6789 0032345 214.5634 145.3099 14.28934080411958

HYSIS
1 43719U 18088A   25344.66666667  .00000015  00000-0  76123-5 0  9996
2 43719  97.9512 168.2345 0001901 107.5456 252.6789 14.55234969419847

XPOSAT
1 58760U 24001A   25344.66666667  .00000011  00000-0  57012-5 0  9994
2 58760   6.0012  68.5432 0013412 207.6545 152.2210  6.52901858 23736

SPADEX A
1 62001U 24198A   25344.60416667  .00001567  00000-0  80123-4 0  9991
2 62001  55.0012 145.3241 0001234  97.4123 262.7234 15.34512746436180

SPADEX B
1 62002U 24198B   25344.60416667  .00001456  00000-0  74012-4 0  9993
2 62002  55.0001 144.2130 0001123  98.3234 261.8345 15.34511635436069

CHANDRAYAAN-2 ORBITER
1 44441U 19040A   25344.50000000 -.00000245  00000-0  00000+0 0  9996
2 44441  88.2512 230.3241 0762341 270.1234  81.3241  0.52862523 16234

ANAND (PIXXEL-1)
1 51657U 22010B   25344.58333333  .00001234  00000-0  64512-4 0  9994
2 51657  97.4512 171.4321 0001890 106.4512 253.8341 15.23412301433069

KALAMSAT-V2
1 43694U 18087C   25344.59375000  .00001789  00000-0  92234-4 0  9991
2 43694  97.9512 170.3210 0001780 107.3623 252.9452 15.34123190435958

GISAT-2
1 57433U 23091C   25344.50000000 -.00000312  00000-0  00000+0 0  9993
2 57433   0.0267  85.2130 0000679  89.0330  70.8623  1.00271412 34410

STARLINK-2001
1 46000U 20251A   25344.55208333  .00002345  00000-0  15234-3 0  9996
2 46000  53.0512 141.5321 0001234  82.3241 277.8012 15.06123412399823

STARLINK-2002
1 46001U 20251B   25344.55208333  .00002234  00000-0  14523-3 0  9994
2 46001  52.9901 142.6432 0001123  81.2330 278.9123 15.06122301399712

STARLINK-2003
1 46002U 20251C   25344.55208333  .00002456  00000-0  15987-3 0  9991
2 46002  53.1023 140.4210 0001345  83.4452 276.7901 15.06124523399934

STARLINK-2004
1 46003U 20251D   25344.55208333  .00002312  00000-0  14987-3 0  9993
2 46003  52.9790 143.7543 0001098  80.1219 280.0234 15.06121190399601

STARLINK-2005
1 46004U 20251E   25344.55208333  .00002398  00000-0  15612-3 0  9996
2 46004  53.1134 139.3099 0001456  84.5563 275.6790 15.06125634400045

STARLINK-2006
1 46005U 20251F   25344.55208333  .00002267  00000-0  14712-3 0  9994
2 46005  52.9679 144.8654 0001012  79.0108 281.1345 15.06120079399490

STARLINK-2007
1 46006U 20251G   25344.55208333  .00002421  00000-0  15743-3 0  9991
2 46006  53.1245 138.1988 0001567  85.6674 274.5679 15.06126745400156

STARLINK-2008
1 46007U 20251H   25344.55208333  .00002189  00000-0  14234-3 0  9993
2 46007  52.9568 145.9765 0000987  78.0997 282.2456 15.06118968399379

STARLINK-2009
1 46008U 20251J   25344.55208333  .00002534  00000-0  16234-3 0  9996
2 46008  53.1356 137.0877 0001678  86.7785 273.4568 15.06127856400267

STARLINK-2010
1 46009U 20251K   25344.55208333  .00002156  00000-0  13956-3 0  9994
2 46009  52.9457 147.0876 0000876  77.1886 283.3567 15.06117857399268

STARLINK-3001
1 47500U 21020A   25344.55208333  .00002345  00000-0  15234-3 0  9991
2 47500  53.1012 140.3412 0001234  83.5512 276.5741 15.06234512400823

STARLINK-3002
1 47501U 21020B   25344.55208333  .00002234  00000-0  14523-3 0  9993
2 47501  53.0901 141.4523 0001123  82.4401 277.6852 15.06233401400712

STARLINK-3003
1 47502U 21020C   25344.55208333  .00002456  00000-0  15987-3 0  9996
2 47502  53.1123 139.2301 0001345  84.6623 275.4630 15.06235623401034

STARLINK-3004
1 47503U 21020D   25344.55208333  .00002312  00000-0  14987-3 0  9994
2 47503  53.0790 142.5634 0001098  81.3290 278.7963 15.06232290400601

STARLINK-3005
1 47504U 21020E   25344.55208333  .00002398  00000-0  15612-3 0  9991
2 47504  53.1234 138.1190 0001456  85.7734 274.3519 15.06236734401145

STARLINK-3006
1 47505U 21020F   25344.55208333  .00002267  00000-0  14712-3 0  9993
2 47505  53.0679 143.6745 0001012  80.2179 279.9074 15.06231179400490

STARLINK-3007
1 47506U 21020G   25344.55208333  .00002421  00000-0  15743-3 0  9996
2 47506  53.1345 137.0079 0001567  86.8845 273.2408 15.06237845401256

STARLINK-3008
1 47507U 21020H   25344.55208333  .00002189  00000-0  14234-3 0  9994
2 47507  53.0568 144.7856 0000987  79.1068 281.0185 15.06229068400379

STARLINK-3009
1 47508U 21020J   25344.55208333  .00002534  00000-0  16234-3 0  9991
2 47508  53.1456 135.8968 0001678  87.9956 272.1297 15.06238956401367

STARLINK-3010
1 47509U 21020K   25344.55208333  .00002156  00000-0  13956-3 0  9993
2 47509  53.0457 145.8967 0000876  78.0957 282.1296 15.06227957400268

ONEWEB-1
1 44057U 19010A   25344.57291667  .00000234  00000-0  11234-3 0  9996
2 44057  87.9012 123.5432 0001234  94.2341 265.9012 13.49873412364823

ONEWEB-2
1 44058U 19010B   25344.57291667  .00000223  00000-0  10987-3 0  9994
2 44058  87.8901 122.4321 0001123  95.1452 265.0123 13.49872301364712

ONEWEB-3
1 44059U 19010C   25344.57291667  .00000245  00000-0  11512-3 0  9991
2 44059  87.9123 124.6543 0001345  93.1230 266.9234 13.49874523364934

ONEWEB-4
1 44060U 19010D   25344.57291667  .00000212  00000-0  10512-3 0  9993
2 44060  87.8790 121.3210 0001012  96.0563 264.1345 13.49871190364601

ONEWEB-5
1 44061U 19010E   25344.57291667  .00000256  00000-0  11987-3 0  9996
2 44061  87.9234 125.7654 0001456  92.0119 267.8345 13.49875634365045

STARLINK-4001
1 48787U 21062A   25344.55208333  .00002345  00000-0  15234-3 0  9994
2 48787  53.2012 139.1234 0001234  84.7523 275.3741 15.07034512401923

STARLINK-4002
1 48788U 21062B   25344.55208333  .00002234  00000-0  14523-3 0  9991
2 48788  53.1901 140.2345 0001123  83.6412 276.4852 15.07033401401812

STARLINK-4003
1 48789U 21062C   25344.55208333  .00002456  00000-0  15987-3 0  9993
2 48789  53.2123 138.0123 0001345  85.8634 274.2630 15.07035623402034

STARLINK-4004
1 48790U 21062D   25344.55208333  .00002312  00000-0  14987-3 0  9996
2 48790  53.1790 141.3456 0001098  82.5301 277.5963 15.07032290401701

STARLINK-4005
1 48791U 21062E   25344.55208333  .00002398  00000-0  15612-3 0  9994
2 48791  53.2234 136.8912 0001456  86.9745 273.1519 15.07036734402145

STARLINK-4006
1 48792U 21062F   25344.55208333  .00002267  00000-0  14712-3 0  9991
2 48792  53.1679 142.4567 0001012  81.4190 278.7074 15.07031179401590

STARLINK-4007
1 48793U 21062G   25344.55208333  .00002421  00000-0  15743-3 0  9993
2 48793  53.2345 135.7801 0001567  88.0856 272.0408 15.07037845402256

STARLINK-4008
1 48794U 21062H   25344.55208333  .00002189  00000-0  14234-3 0  9996
2 48794  53.1568 143.5678 0000987  80.3079 279.8185 15.07029968401479

STARLINK-4009
1 48795U 21062J   25344.55208333  .00002534  00000-0  16234-3 0  9994
2 48795  53.2456 134.6690 0001678  89.1967 271.0297 15.07038956402367

STARLINK-4010
1 48796U 21062K   25344.55208333  .00002156  00000-0  13956-3 0  9991
2 48796  53.1457 144.6789 0000876  79.2068 280.9296 15.07027957401368

KAZSAT-3
1 39433U 13066AF  25344.50000000 -.00000298  00000-0  00000+0 0  9993
2 39433   0.0145  83.1234 0001234  90.1234  69.7512  1.00271301 34299

PAKSAT-1R
1 37214U 11012A   25344.50000000 -.00000291  00000-0  00000+0 0  9996
2 37214   0.0256  82.0123 0001123  91.0345  68.8623  1.00271190 34188

ARABSAT-6A
1 44186U 19023A   25344.50000000 -.00000284  00000-0  00000+0 0  9994
2 44186   0.0167  80.9012 0001012  91.9456  67.9734  1.00271079 34077

HELLAS-SAT 4
1 43652U 18070B   25344.50000000 -.00000277  00000-0  00000+0 0  9991
2 43652   0.0178  79.7901 0000901  92.8567  67.0845  1.00270968 33966

NILESAT 201
1 36949U 10046A   25344.50000000 -.00000270  00000-0  00000+0 0  9993
2 36949   0.0289  78.6790 0000790  93.7678  66.1956  1.00270857 33855

YAMAL-300K
1 39248U 13062A   25344.50000000 -.00000263  00000-0  00000+0 0  9996
2 39248   0.0290  77.5679 0000679  94.6789  65.3067  1.00270746 33744

YAMAL-402
1 39022U 13032A   25344.50000000 -.00000256  00000-0  00000+0 0  9994
2 39022   0.0301  76.4568 0000568  95.5900  64.4178  1.00270635 33633

EKSPRESS AM5
1 39847U 14001A   25344.50000000 -.00000249  00000-0  00000+0 0  9991
2 39847   0.0312  75.3457 0000457  96.5011  63.5289  1.00270524 33522

EKSPRESS AM6
1 40216U 14065A   25344.50000000 -.00000242  00000-0  00000+0 0  9993
2 40216   0.0323  74.2346 0000346  97.4122  62.6400  1.00270413 33411

HORIZONS 3E
1 43873U 18090A   25344.50000000 -.00000235  00000-0  00000+0 0  9996
2 43873   0.0234  73.1235 0000235  98.3233  61.7511  1.00270302 33300

VIASAT-1
1 37843U 11011A   25344.50000000 -.00000228  00000-0  00000+0 0  9994
2 37843   0.0245  72.0124 0000124  99.2344  60.8622  1.00270191 33189

VIASAT-2
1 42741U 17020C   25344.50000000 -.00000221  00000-0  00000+0 0  9991
2 42741   0.0256  70.9013 0000013 100.1455  59.9733  1.00270080 33078

VIASAT-3 AMERICAS
1 56217U 23031A   25344.50000000 -.00000214  00000-0  00000+0 0  9993
2 56217   0.0267  69.7902 0000002 101.0566  59.0844  1.00269969 32967

SKY MUSTER (NBN CO 1A)
1 40940U 15053A   25344.50000000 -.00000207  00000-0  00000+0 0  9996
2 40940   0.0278  68.6791 0000001 101.9677  58.1955  1.00269858 32856

SKY MUSTER II (NBN CO 1B)
1 41944U 17007A   25344.50000000 -.00000200  00000-0  00000+0 0  9994
2 41944   0.0289  67.5680 0000012 102.8788  57.3066  1.00269747 32745

OPTUS D3
1 32786U 08021B   25344.50000000 -.00000193  00000-0  00000+0 0  9991
2 32786   0.0290  66.4569 0000123 103.7899  56.4177  1.00269636 32634

TELSTAR 11N
1 36131U 09047A   25344.50000000 -.00000186  00000-0  00000+0 0  9993
2 36131   0.0301  65.3458 0000234 104.7010  55.5288  1.00269525 32523

TELSTAR 12V
1 40930U 15052B   25344.50000000 -.00000179  00000-0  00000+0 0  9996
2 40930   0.0312  64.2347 0000345 105.6121  54.6399  1.00269414 32412

TURKSAT 4A
1 39522U 14007B   25344.50000000 -.00000172  00000-0  00000+0 0  9994
2 39522   0.0323  63.1236 0000456 106.5232  53.7510  1.00269303 32301

TURKSAT 4B
1 41001U 15060A   25344.50000000 -.00000165  00000-0  00000+0 0  9991
2 41001   0.0234  62.0125 0000567 107.4343  52.8621  1.00269192 32190

BADR-7
1 40272U 14061B   25344.50000000 -.00000158  00000-0  00000+0 0  9993
2 40272   0.0245  60.9014 0000678 108.3454  51.9732  1.00269081 32079

ASIASAT 5
1 35702U 09047B   25344.50000000 -.00000151  00000-0  00000+0 0  9996
2 35702   0.0256  59.7903 0000789 109.2565  51.0843  1.00268970 31968

ASIASAT 6
1 40107U 14052A   25344.50000000 -.00000144  00000-0  00000+0 0  9994
2 40107   0.0267  58.6792 0000890 110.1676  50.1954  1.00268859 31857

ASIASAT 8
1 40108U 14052B   25344.50000000 -.00000137  00000-0  00000+0 0  9991
2 40108   0.0278  57.5681 0000901 111.0787  49.3065  1.00268748 31746

THAICOM 6
1 39500U 14007C   25344.50000000 -.00000130  00000-0  00000+0 0  9993
2 39500   0.0289  56.4570 0000790 111.9898  48.4176  1.00268637 31635

APSTAR-9
1 41901U 16065A   25344.50000000 -.00000123  00000-0  00000+0 0  9996
2 41901   0.0290  55.3459 0000679 112.9009  47.5287  1.00268526 31524

CHINASAT-11
1 41838U 16059B   25344.50000000 -.00000116  00000-0  00000+0 0  9994
2 41838   0.0301  54.2348 0000568 113.8120  46.6398  1.00268415 31413

CHINASAT-16
1 42662U 17019A   25344.50000000 -.00000109  00000-0  00000+0 0  9991
2 42662   0.0312  53.1237 0000457 114.7231  45.7509  1.00268304 31302

SHIJIAN-18
1 42698U 17024A   25344.50000000 -.00000102  00000-0  00000+0 0  9993
2 42698   0.0323  52.0126 0000346 115.6342  44.8620  1.00268193 31191

MEASAT-3B
1 40424U 14066A   25344.50000000 -.00000095  00000-0  00000+0 0  9996
2 40424   0.0234  50.9015 0000235 116.5453  43.9731  1.00268082 31080

MEASAT-3D
1 49709U 21096B   25344.50000000 -.00000088  00000-0  00000+0 0  9994
2 49709   0.0245  49.7904 0000124 117.4564  43.0842  1.00267971 30969

JCSAT-14
1 41471U 16016B   25344.50000000 -.00000081  00000-0  00000+0 0  9991
2 41471   0.0256  48.6793 0000013 118.3675  42.1953  1.00267860 30858

JCSAT-16
1 41729U 16054B   25344.50000000 -.00000074  00000-0  00000+0 0  9993
2 41729   0.0267  47.5682 0000002 119.2786  41.3064  1.00267749 30747

N-STAR C
1 28873U 05038B   25344.50000000 -.00000067  00000-0  00000+0 0  9996
2 28873   0.0278  46.4571 0000001 120.1897  40.4175  1.00267638 30636

SUPERBIRD-B2
1 25707U 99019A   25344.50000000 -.00000060  00000-0  00000+0 0  9994
2 25707   0.0289  45.3460 0000012 121.1008  39.5286  1.00267527 30525

HORIZONS-2
1 31306U 07015A   25344.50000000 -.00000053  00000-0  00000+0 0  9991
2 31306   0.0290  44.2349 0000123 122.0119  38.6397  1.00267416 30414

INMARSAT-5 F1
1 41834U 14075A   25344.50000000 -.00000046  00000-0  00000+0 0  9993
2 41834   0.0301  43.1238 0000234 122.9230  37.7508  1.00267305 30303

INMARSAT-5 F2
1 40384U 15010A   25344.50000000 -.00000039  00000-0  00000+0 0  9996
2 40384   0.0312  42.0127 0000345 123.8341  36.8619  1.00267194 30192

INMARSAT-5 F3
1 40882U 15049A   25344.50000000 -.00000032  00000-0  00000+0 0  9994
2 40882   0.0323  40.9016 0000456 124.7452  35.9730  1.00267083 30081

INMARSAT-5 F4
1 43152U 18001A   25344.50000000 -.00000025  00000-0  00000+0 0  9991
2 43152   0.0234  39.7905 0000567 125.6563  35.0841  1.00266972 29970

LIGADO L-BAND
1 43722U 18088B   25344.50000000 -.00000018  00000-0  00000+0 0  9993
2 43722   0.0245  38.6794 0000678 126.5674  34.1952  1.00266861 29859

SES-12
1 43488U 18039B   25344.50000000 -.00000011  00000-0  00000+0 0  9996
2 43488   0.0256  37.5683 0000789 127.4785  33.3063  1.00266750 29748

SES-14
1 43175U 18010C   25344.50000000 -.00000004  00000-0  00000+0 0  9994
2 43175   0.0267  36.4572 0000890 128.3896  32.4174  1.00266639 29637

GALAXY 30
1 46114U 20061A   25344.50000000  .00000003  00000-0  00000+0 0  9991
2 46114   0.0278  35.3461 0000901 129.3007  31.5285  1.00266528 29526

GALAXY 33
1 54235U 22131A   25344.50000000  .00000010  00000-0  00000+0 0  9993
2 54235   0.0289  34.2350 0000790 130.2118  30.6396  1.00266417 29415

AMC-21
1 31502U 07025A   25344.50000000  .00000017  00000-0  00000+0 0  9996
2 31502   0.0290  33.1239 0000679 131.1229  29.7507  1.00266306 29304

AMC-9
1 27441U 02028B   25344.50000000  .00000024  00000-0  00000+0 0  9994
2 27441   0.0301  32.0128 0000568 132.0340  28.8618  1.00266195 29193

ECHOSTAR 19
1 41838U 16059C   25344.50000000  .00000031  00000-0  00000+0 0  9991
2 41838   0.0312  30.9017 0000457 132.9451  27.9729  1.00266084 29082

SPACEWAY-3
1 32018U 07027A   25344.50000000  .00000038  00000-0  00000+0 0  9993
2 32018   0.0323  29.7906 0000346 133.8562  27.0840  1.00265973 28971

OPTUS C1
1 27831U 03028A   25344.50000000  .00000045  00000-0  00000+0 0  9996
2 27831   0.0234  28.6795 0000235 134.7673  26.1951  1.00265862 28860

PALAPA D
1 35658U 09046A   25344.50000000  .00000052  00000-0  00000+0 0  9994
2 35658   0.0245  27.5684 0000124 135.6784  25.3062  1.00265751 28749

TELKOM 3S
1 42160U 17008A   25344.50000000  .00000059  00000-0  00000+0 0  9991
2 42160   0.0256  26.4573 0000013 136.5895  24.4173  1.00265640 28638

TELKOM 4
1 43979U 19032A   25344.50000000  .00000066  00000-0  00000+0 0  9993
2 43979   0.0267  25.3462 0000002 137.5006  23.5284  1.00265529 28527

BRISAT
1 41745U 16047A   25344.50000000  .00000073  00000-0  00000+0 0  9996
2 41745   0.0278  24.2351 0000001 138.4117  22.6395  1.00265418 28416

KOREASAT 5A
1 43012U 17073B   25344.50000000  .00000080  00000-0  00000+0 0  9994
2 43012   0.0289  23.1240 0000012 139.3228  21.7506  1.00265307 28305

KOREASAT 7
1 42984U 17073C   25344.50000000  .00000087  00000-0  00000+0 0  9991
2 42984   0.0290  22.0129 0000123 140.2339  20.8617  1.00265196 28194

TKSAT-1 (KORMSAT)
1 36570U 10019B   25344.50000000  .00000094  00000-0  00000+0 0  9993
2 36570   0.0301  20.9018 0000234 141.1450  19.9728  1.00265085 28083

CAPE1 CUBESAT
1 37960U 11059B   25344.62500000  .00001234  00000-0  64512-4 0  9996
2 37960  64.8512 143.6789 0034512 204.5234 155.3123 14.78123412426965

CAPE2 CUBESAT
1 39385U 13064B   25344.62500000  .00001123  00000-0  58234-4 0  9994
2 39385  64.8401 142.5678 0033401 205.4345 154.4234 14.78122301426854

GOMX-1
1 39428U 13066AK  25344.63541667  .00001678  00000-0  86123-4 0  9991
2 39428  97.7512 173.7890 0001234  96.2341 263.9012 15.15234190432180

UKUBE-1
1 39769U 14033A   25344.63541667  .00001567  00000-0  80012-4 0  9993
2 39769  98.4012 172.6789 0001123  97.1452 263.0123 14.32123079413069

DELFI-N3XT
1 39428U 13066AL  25344.64583333  .00001456  00000-0  74901-4 0  9996
2 39428  97.9512 171.5678 0001012  98.0563 262.1234 15.13432968431958

STARSHINE 3
1 26929U 01040C   25344.65625000  .00002345  00000-0  15234-3 0  9994
2 26929  67.0512 172.4567 0021234 215.6645 144.2099 14.45198857420847

FIREFLY ALPHA DEB-1
1 53385U 22063B   25344.65625000  .00002234  00000-0  14523-3 0  9991
2 53385  97.5012 171.3456 0001123  99.1674 261.0345 15.19332746433736

FIREFLY ALPHA DEB-2
1 53386U 22063C   25344.65625000  .00002456  00000-0  15987-3 0  9993
2 53386  97.5001 170.2345 0001012 100.0785 260.1456 15.19334968433958

IRIDIUM NEXT-4
1 41921U 17003E   25344.57291667  .00000039  00000-0  10234-4 0  9996
2 41921  86.3719  72.3410 0001907 129.1312 231.0034 14.34215601319651

IRIDIUM NEXT-5
1 41922U 17003F   25344.57291667  .00000037  00000-0  09987-4 0  9994
2 41922  86.4008  73.2321 0001808 128.2423 230.9145 14.34214490319540

IRIDIUM NEXT-6
1 41923U 17003G   25344.57291667  .00000041  00000-0  10512-4 0  9991
2 41923  86.3628  71.4432 0002006 130.0201 232.0256 14.34216712319762

IRIDIUM NEXT-7
1 42803U 17039A   25344.57291667  .00000043  00000-0  11012-4 0  9993
2 42803  86.3917  74.1543 0001905 127.3534 231.9367 14.34218923319873

IRIDIUM NEXT-8
1 42804U 17039B   25344.57291667  .00000041  00000-0  10765-4 0  9996
2 42804  86.4006  73.0432 0001806 128.4645 230.8478 14.34217812319764

IRIDIUM NEXT-9
1 42805U 17039C   25344.57291667  .00000045  00000-0  11289-4 0  9994
2 42805  86.3826  75.2654 0002007 126.2423 233.1589 14.34220134320085

IRIDIUM NEXT-10
1 42806U 17039D   25344.57291667  .00000039  00000-0  10023-4 0  9991
2 42806  86.3715  71.9321 0001908 129.3756 230.7590 14.34213023319430

GPS BIII-1 (PRN 04)
1 43873U 18109A   25344.50000000 -.00000021  00000-0  00000+0 0  9993
2 43873  55.0234  46.8721 0001012 289.1234  70.6432  2.00562341188754

GPS BIII-2 (PRN 18)
1 44506U 19059A   25344.50000000 -.00000019  00000-0  00000+0 0  9996
2 44506  55.1345  47.9832 0000901 288.2345  69.7543  2.00561230188643

GPS BIII-3 (PRN 23)
1 45854U 20041A   25344.50000000 -.00000023  00000-0  00000+0 0  9994
2 45854  55.2456  49.0943 0000790 287.3456  68.8654  2.00563452188865

GPS BIII-4 (PRN 10)
1 48859U 21054A   25344.50000000 -.00000017  00000-0  00000+0 0  9991
2 48859  55.3567  50.2054 0000679 286.4567  67.9765  2.00560119188532

GPS BIII-5 (PRN 24)
1 55268U 23001A   25344.50000000 -.00000025  00000-0  00000+0 0  9993
2 55268  55.4678  51.3165 0000568 285.5678  67.0876  2.00564563189087

GLONASS-K1 701
1 37372U 11009A   25344.52083333  .00000000  00000-0  00000+0 0  9996
2 37372  64.8234  46.2130 0010012 249.2345 110.3432  2.13106345199854

GLONASS-K1 702
1 37373U 11009B   25344.52083333  .00000000  00000-0  00000+0 0  9994
2 37373  64.9345  47.3241 0009901 248.1234 111.4543  2.13105234199743

GLONASS-M 751
1 43508U 18033A   25344.52083333  .00000000  00000-0  00000+0 0  9991
2 43508  64.8123  45.1019 0011123 250.3456 109.2321  2.13107456199965

GLONASS-M 752
1 43687U 18070C   25344.52083333  .00000000  00000-0  00000+0 0  9993
2 43687  64.7512  44.0908 0012234 251.4567 108.1210  2.13108567200076

GALILEO-FOC FM5
1 40890U 15045A   25344.54166667 -.00000043  00000-0  00000+0 0  9996
2 40890  55.6543 122.7601 0002087 289.6543  70.2130  1.70472031152210

GALILEO-FOC FM6
1 40128U 14050D   25344.54166667 -.00000045  00000-0  00000+0 0  9994
2 40128  55.5432 121.6490 0001976 290.7654  69.1019  1.70470920152099

GALILEO-FOC FM7
1 41175U 15051A   25344.54166667 -.00000047  00000-0  00000+0 0  9991
2 41175  55.4321 120.5379 0001865 291.8765  68.0908  1.70469809151988

GALILEO-FOC FM8
1 41550U 16030A   25344.54166667 -.00000049  00000-0  00000+0 0  9993
2 41550  55.3210 119.4268 0001754 292.9876  66.9797  1.70468698151877

BEIDOU-3 IGSO-1
1 43539U 18062A   25344.50000000 -.00000056  00000-0  00000+0 0  9996
2 43539  55.0512  47.1130 0013901 294.6453  65.2341  1.00270634 33765

BEIDOU-3 IGSO-2
1 43561U 18070D   25344.50000000 -.00000053  00000-0  00000+0 0  9994
2 43561  55.1623  48.2241 0012790 293.5342  66.3452  1.00270523 33654

BEIDOU-3 GEO-1
1 43683U 18085A   25344.50000000 -.00000312  00000-0  00000+0 0  9991
2 43683   0.0156  95.3241 0001234  67.2341  92.6512  1.00271634 45099

BEIDOU-3 GEO-2
1 44231U 19035A   25344.50000000 -.00000305  00000-0  00000+0 0  9993
2 44231   0.0167  94.2130 0001123  68.1452  91.7623  1.00271523 44988

SBAS WAAS PRN 135
1 24307U 96041A   25344.50000000 -.00000298  00000-0  00000+0 0  9996
2 24307   4.2512  79.5432 0012341  74.3241  85.5512  1.00270301 54321

SBAS MSAS PRN 129
1 28937U 05043A   25344.50000000 -.00000291  00000-0  00000+0 0  9994
2 28937   4.1401  78.4321 0011230  75.2352  84.6623  1.00270190 54210

SBAS EGNOS PRN 120
1 37732U 11028A   25344.50000000 -.00000284  00000-0  00000+0 0  9991
2 37732   4.0290  77.3210 0010119  76.1463  83.7734  1.00270079 54099

AEHF-1
1 36868U 10039A   25344.50000000 -.00000312  00000-0  00000+0 0  9993
2 36868   4.5512  61.5432 0001234  87.2341  92.6512  1.00271634 43987

AEHF-2
1 38254U 12019B   25344.50000000 -.00000305  00000-0  00000+0 0  9996
2 38254   4.4401  60.4321 0001123  88.1452  91.7623  1.00271523 43876

MILSTAR-5
1 26900U 01020A   25344.50000000 -.00000298  00000-0  00000+0 0  9994
2 26900   0.5512  95.4321 0001012  89.0563  70.8734  1.00271412 76543

WGS-9
1 43435U 18039C   25344.50000000 -.00000291  00000-0  00000+0 0  9991
2 43435   0.4401  94.3210 0000901  89.9674  69.9845  1.00271301 76432

WGS-10
1 44046U 19006B   25344.50000000 -.00000284  00000-0  00000+0 0  9993
2 44046   0.3290  93.2099 0000790  90.8785  69.0956  1.00271190 76321

LACROSSE 5
1 28646U 05016A   25344.57291667  .00000045  00000-0  22012-4 0  9996
2 28646  57.0012 164.5432 0023412 198.4321 161.4512 14.68512523423187

ONYX 4 (USA 193)
1 30553U 06057A   25344.57291667  .00000041  00000-0  20234-4 0  9994
2 30553  57.1123 163.4321 0022301 199.3432 160.5623 14.68511412423076

KOMPSAT-3
1 38681U 12025A   25344.58333333  .00000037  00000-0  18456-4 0  9991
2 38681  97.5012 170.9012 0001234 100.7234 259.5012 14.49812301419765

KOMPSAT-3A
1 40536U 15030A   25344.58333333  .00000033  00000-0  16234-4 0  9993
2 40536  97.5001 169.7901 0001123 101.6345 258.6123 14.49811190419654

KOMPSAT-5
1 39265U 13045A   25344.59375000  .00000029  00000-0  14012-4 0  9996
2 39265  97.6012 168.6790 0001012 102.5456 257.7234 14.48734079419543

KOMPSAT-7
1 59123U 24055A   25344.59375000  .00000025  00000-0  12345-4 0  9994
2 59123  97.5901 167.5679 0000901 103.4567 256.8345 14.49812968419432

RADARSAT-2
1 32382U 07061A   25344.56250000  .00000034  00000-0  17012-4 0  9991
2 32382  98.5812 168.4321 0001234  99.5432 260.6012 14.29988301413211

RADARSAT CONSTELLATION-A
1 44369U 19037A   25344.56250000  .00000031  00000-0  15523-4 0  9993
2 44369  97.6012 167.3210 0001123 100.4543 259.7123 14.53912190421100

RADARSAT CONSTELLATION-B
1 44370U 19037B   25344.56250000  .00000028  00000-0  13901-4 0  9996
2 44370  97.5901 166.2099 0001012 101.3654 258.8234 14.53911079420989

RADARSAT CONSTELLATION-C
1 44371U 19037C   25344.56250000  .00000025  00000-0  12623-4 0  9994
2 44371  97.5790 165.0988 0000901 102.2765 257.9345 14.53909968420878

SPOT-6
1 38755U 12047A   25344.57291667  .00000056  00000-0  27512-4 0  9991
2 38755  98.2012 167.6543 0001234  98.6234 261.5012 14.49912412421234

SPOT-7
1 40053U 14034A   25344.57291667  .00000054  00000-0  26401-4 0  9993
2 40053  98.1901 166.5432 0001123  99.5345 260.6123 14.49911301421123

PLEIADES 1A
1 38012U 11075A   25344.58333333  .00000078  00000-0  38512-4 0  9996
2 38012  98.2512 168.7654 0001234  97.7123 262.4234 14.51398190421540

PLEIADES 1B
1 39019U 13013A   25344.58333333  .00000076  00000-0  37401-4 0  9994
2 39019  98.2401 167.6543 0001123  98.6234 261.5345 14.51397079421429

PLEIADES NEO 3
1 48940U 21059B   25344.59375000  .00000074  00000-0  36290-4 0  9991
2 48940  97.2012 166.5432 0001012  99.5345 260.6456 14.89734968425318

PLEIADES NEO 4
1 49189U 21059C   25344.59375000  .00000072  00000-0  35179-4 0  9993
2 49189  97.1901 165.4321 0000901 100.4456 259.7567 14.89733857425207

WORLDVIEW-3
1 40115U 14052C   25344.60416667  .00001890  00000-0  97234-4 0  9996
2 40115  97.4512 170.3456 0001234 102.3241 257.8012 15.29312746437054

WORLDVIEW-4
1 41848U 16070A   25344.60416667  .00001780  00000-0  91512-4 0  9994
2 41848  97.4401 169.2345 0001123 103.2352 256.9123 15.29311635436943

ELECTRO-L NO.3
1 43536U 18062B   25344.50000000 -.00000301  00000-0  00000+0 0  9991
2 43536   0.0234  91.2341 0001234  85.3241  74.5512  1.00271412 45210

ELEKTRO-L NO.4
1 56030U 23010A   25344.50000000 -.00000294  00000-0  00000+0 0  9993
2 56030   0.0345  90.1230 0001123  86.2352  73.6623  1.00271301 45099

FENGYUN-2H
1 43491U 18039D   25344.50000000 -.00000287  00000-0  00000+0 0  9996
2 43491   0.0256  89.0119 0001012  87.1463  72.7734  1.00271190 44988

FENGYUN-4A
1 41882U 16077A   25344.50000000 -.00000280  00000-0  00000+0 0  9994
2 41882   0.0167  87.9008 0000901  88.0574  71.8845  1.00271079 44877

FENGYUN-4B
1 49008U 21050A   25344.50000000 -.00000273  00000-0  00000+0 0  9991
2 49008   0.0178  86.7897 0000790  88.9685  70.9956  1.00270968 44766

HJ-1A
1 33320U 08041A   25344.59375000  .00000067  00000-0  33012-4 0  9993
2 33320  97.9512 166.8765 0001234  98.0234 262.1234 14.51234079421123

HJ-1B
1 33321U 08041B   25344.59375000  .00000065  00000-0  32123-4 0  9996
2 33321  97.9401 165.7654 0001123  98.9345 261.2345 14.51232968421012

GAOFEN-1
1 39150U 13018A   25344.60416667  .00000056  00000-0  27512-4 0  9994
2 39150  98.0512 166.7654 0001012  99.8456 260.3456 14.52234857421758

GAOFEN-2
1 40118U 14057A   25344.60416667  .00000054  00000-0  26401-4 0  9991
2 40118  97.9401 165.6543 0000901 100.7567 259.4567 14.52233746421647

GAOFEN-3
1 41920U 16054B   25344.61458333  .00000045  00000-0  22012-4 0  9993
2 41920  98.4012 165.5432 0001234  99.6678 260.5678 14.33112635417536

GAOFEN-4
1 41331U 16009A   25344.50000000 -.00000312  00000-0  00000+0 0  9996
2 41331   0.0512  97.4321 0001234  85.2341  74.6512  1.00271523 34567

HAIYANG-2B
1 43683U 18085B   25344.62500000  .00000034  00000-0  17012-4 0  9994
2 43683  99.3512 163.4321 0001234 100.5789 259.6789 14.20123524397458

ZIYUAN-3
1 37896U 12003A   25344.63541667  .00000031  00000-0  15523-4 0  9991
2 37896  97.4512 164.3210 0001123 101.4900 258.7900 14.34212413413347

YAOGAN-30A
1 43163U 18009A   25344.64583333  .00000456  00000-0  22512-4 0  9993
2 43163  35.0012 168.2101 0001012 102.4011 257.8011 14.91534302421236

YAOGAN-30B
1 43164U 18009B   25344.64583333  .00000445  00000-0  21901-4 0  9996
2 43164  34.9901 167.0990 0000901 103.3122 256.9122 14.91533191421125

YAOGAN-30C
1 43165U 18009C   25344.64583333  .00000434  00000-0  21290-4 0  9994
2 43165  34.9790 165.9879 0000790 104.2233 256.0233 14.91532080421014

YAOGAN-33
1 47578U 21018A   25344.65625000  .00000423  00000-0  20679-4 0  9991
2 47578  35.1234 167.1012 0001234 103.1344 256.9344 14.91534969421903

SHIJIAN-20
1 45026U 20004C   25344.50000000 -.00000278  00000-0  00000+0 0  9993
2 45026   0.0289  87.6786 0000678  86.7896  73.1015  1.00270857 43654

TIANLIAN-1D
1 45026U 20004D   25344.50000000 -.00000271  00000-0  00000+0 0  9996
2 45026   0.0290  86.5675 0000567  87.7007  72.2126  1.00270746 43543

CBERS-4
1 40336U 14079A   25344.59375000  .00000034  00000-0  17012-4 0  9994
2 40336  98.5012 165.3456 0001234 100.3234 259.9234 14.39012301416432

CBERS-4A
1 44883U 19093B   25344.59375000  .00000031  00000-0  15523-4 0  9991
2 44883  97.8012 164.2345 0001123 101.2345 259.0345 14.39011190416321

CHEOPS
1 45145U 19092B   25344.57291667  .00000019  00000-0  95123-5 0  9993
2 45145  98.3512 164.1234 0001012 102.1456 258.1456 14.44989079418210

HERSCHEL
1 37446U 09026B   25344.50000000 -.00000523  00000-0  00000+0 0  9996
2 37446   2.1012  45.3241 9812341 180.4234  12.3241  0.18961523  5234

GAIA
1 39479U 13074A   25344.50000000 -.00000489  00000-0  00000+0 0  9994
2 39479   0.2012  90.5432 0123456 234.5678 125.3241  0.52943412  9876

JAMES WEBB SPACE TELESCOPE
1 50463U 21130A   25344.50000000 -.00000467  00000-0  00000+0 0  9991
2 50463   0.1012  89.4321 0234567 235.6789 124.2130  0.52942301  8765

DAWN (ASTEROID BELT)
1 29510U 07043A   25344.50000000 -.00000378  00000-0  00000+0 0  9993
2 29510  12.3512  67.4512 3456789 270.5234  45.2341  0.23541634  3456

SOLAR ORBITER
1 45167U 20010A   25344.50000000 -.00000389  00000-0  00000+0 0  9996
2 45167   4.2012  78.3401 2312341 265.4123  50.3412  0.65342523 16789

CUBESAT OSCAR 7
1 07530U 74089B   25344.65625000  .00000023  00000-0  11234-4 0  9994
2 07530 101.5512 173.6789 0013234 204.5678 155.3123 14.29843079414012

HAMSAT (VO-52)
1 28650U 05017B   25344.66666667  .00000019  00000-0  95234-5 0  9991
2 28650  98.7012 165.5678 0001012 103.4789 256.7789 14.30812968414901

TRITON-1
1 39427U 13066AJ  25344.66666667  .00001789  00000-0  92234-4 0  9993
2 39427  97.7512 172.4567 0001901 104.3900 255.8900 15.13234857432290

CUBEBUG-1
1 39153U 13018B   25344.67708333  .00001678  00000-0  86123-4 0  9996
2 39153  98.0234 171.3456 0001790 105.3011 254.9011 15.07423746431179

PERSEUS-M 1
1 40024U 14033B   25344.67708333  .00001567  00000-0  80012-4 0  9994
2 40024  97.9512 170.2345 0001680 106.2122 254.0122 15.07422635431068

PERSEUS-M 2
1 40025U 14033C   25344.67708333  .00001456  00000-0  74901-4 0  9991
2 40025  97.9401 169.1234 0001570 107.1233 253.1233 15.07421524430957

TYVAK-0 (AEROCUBE 6A)
1 40012U 14033D   25344.68750000  .00001345  00000-0  68790-4 0  9993
2 40012  97.9290 168.0123 0001460 108.0344 252.2344 15.07420413430846

POLYSAT CP6
1 35002U 09028B   25344.68750000  .00001234  00000-0  62679-4 0  9996
2 35002  97.8512 166.9012 0001350 108.9455 251.3455 15.07419302430735

UOSAT-12
1 25693U 99020B   25344.69791667  .00000678  00000-0  33512-4 0  9994
2 25693  64.5512 143.8901 0021234 205.6789 154.2010 14.52123190421624

CUTE-1
1 27844U 03031D   25344.69791667  .00001234  00000-0  64512-4 0  9991
2 27844  98.7512 172.7890 0001234  96.6789 263.5234 15.09123079432513

CUBESAT XI-IV
1 27845U 03031E   25344.69791667  .00001123  00000-0  58234-4 0  9993
2 27845  98.7401 171.6779 0001123  97.5900 262.6345 15.09121968432402

ADORECUBE
1 44329U 19021B   25344.70833333  .00001789  00000-0  92234-4 0  9996
2 44329  97.5012 171.5678 0001012 108.5011 251.6234 15.23512857433291

LINGLING
1 46819U 20071A   25344.70833333  .00001678  00000-0  86123-4 0  9994
2 46819  97.7512 170.4567 0000901 109.4122 250.7345 15.12234746432180

BEESAT-1
1 35933U 09049B   25344.70833333  .00000567  00000-0  28012-4 0  9991
2 35933  98.3012 165.3456 0001234  98.3234 261.9234 14.54623635420069

MOVE-II
1 43786U 18099A   25344.71875000  .00001567  00000-0  80012-4 0  9993
2 43786  97.5012 171.2345 0001123 109.3233 250.8456 15.09823524432958

LUCKY-7
1 44406U 19038A   25344.71875000  .00001456  00000-0  74901-4 0  9996
2 44406  97.7512 170.1234 0001012 110.2344 249.9567 15.10123413433847

SMOG-1
1 47964U 21022CK  25344.71875000  .00001345  00000-0  68790-4 0  9994
2 47964  97.6012 169.0123 0000901 111.1455 249.0678 15.11423302434736

GREENCUBE (IO-117)
1 53106U 22057C   25344.72916667  .00001234  00000-0  62679-4 0  9991
2 53106  97.4012 167.9012 0000790 112.0566 248.1789 15.12423191435625

NORSAT-1
1 42826U 17038A   25344.72916667  .00000234  00000-0  11234-3 0  9993
2 42826  87.0012 123.7654 0001234  96.8234 263.3512 14.87523080427514

NORSAT-2
1 42827U 17038B   25344.72916667  .00000223  00000-0  10987-3 0  9996
2 42827  86.9901 122.6543 0001123  97.7345 262.4623 14.87521969427403

NORSAT-3
1 49017U 21052A   25344.73958333  .00000212  00000-0  10234-3 0  9994
2 49017  87.0123 124.8765 0001012  95.6456 264.5734 14.87524190427625

SITAEL-HIBER 3
1 46495U 20055B   25344.73958333  .00001789  00000-0  92234-4 0  9991
2 46495  97.8012 170.7654 0001234 107.6123 252.6234 15.09723079432514

ORBITAL REEF MODULE
1 58234U 24012A   25344.60416667  .00011234  00000-0  68234-3 0  9993
2 58234  28.5012 191.4321 0004012  88.2341 271.8912 15.52901234396802

AXIOM STATION MODULE 1
1 59876U 24067A   25344.61458333  .00010234  00000-0  62345-3 0  9996
2 59876  51.6023 190.3210 0004901  86.1230 273.9901 15.48912123395691

TIANGONG-3 MODULE
1 57654U 23075A   25344.62500000  .00008234  00000-0  50234-3 0  9994
2 57654  41.5834 188.2099 0003790  87.3341 272.7790 15.45234012394580

PROGRESS MS-25
1 59432U 24052A   25344.60416667  .00016234  00000-0  98234-3 0  9991
2 59432  51.6412 190.5432 0004623  89.4452 270.6101 15.49803901391640

SOYUZ MS-28
1 60234U 24102A   25344.61458333  .00015234  00000-0  92345-3 0  9993
2 60234  51.6401 190.4321 0004512  88.5563 271.5212 15.49901790391529

SPACEX DRAGON CRS-32
1 60987U 24123A   25344.62500000  .00014234  00000-0  86456-3 0  9996
2 60987  51.6390 191.3210 0003401  90.6674 269.4323 15.49102679391418

STARLINK-5001
1 52001U 22050A   25344.55208333  .00002345  00000-0  15234-3 0  9991
2 52001  53.2512 138.5321 0001234  85.1523 274.9741 15.07534512402023

STARLINK-5002
1 52002U 22050B   25344.55208333  .00002234  00000-0  14523-3 0  9993
2 52002  53.2401 139.6432 0001123  84.0412 276.0852 15.07533401401912

STARLINK-5003
1 52003U 22050C   25344.55208333  .00002456  00000-0  15987-3 0  9996
2 52003  53.2623 137.4210 0001345  86.2634 273.8630 15.07535623402134

STARLINK-5004
1 52004U 22050D   25344.55208333  .00002312  00000-0  14987-3 0  9994
2 52004  53.2290 140.7543 0001098  82.9301 277.1963 15.07532290401801

STARLINK-5005
1 52005U 22050E   25344.55208333  .00002398  00000-0  15612-3 0  9991
2 52005  53.2734 136.3912 0001456  87.3745 272.7519 15.07536734402245

STARLINK-5006
1 52006U 22050F   25344.55208333  .00002267  00000-0  14712-3 0  9993
2 52006  53.2179 141.8567 0001012  81.8190 278.2074 15.07531179401690

STARLINK-5007
1 52007U 22050G   25344.55208333  .00002421  00000-0  15743-3 0  9996
2 52007  53.2845 135.2801 0001567  88.4856 271.6408 15.07537845402356

STARLINK-5008
1 52008U 22050H   25344.55208333  .00002189  00000-0  14234-3 0  9994
2 52008  53.2068 142.9678 0000987  80.7079 279.3185 15.07529968401579

STARLINK-5009
1 52009U 22050J   25344.55208333  .00002534  00000-0  16234-3 0  9991
2 52009  53.2956 134.1690 0001678  89.5967 270.5297 15.07538956402467

STARLINK-5010
1 52010U 22050K   25344.55208333  .00002156  00000-0  13956-3 0  9993
2 52010  53.1957 144.0789 0000876  79.6068 280.4296 15.07527957401368

STARLINK-6001
1 53501U 22088A   25344.55208333  .00002345  00000-0  15234-3 0  9996
2 53501  43.0012 150.3412 0001234  83.9523 276.1741 15.06534512400923

STARLINK-6002
1 53502U 22088B   25344.55208333  .00002234  00000-0  14523-3 0  9994
2 53502  42.9901 151.4523 0001123  82.8412 277.2852 15.06533401400812

STARLINK-6003
1 53503U 22088C   25344.55208333  .00002456  00000-0  15987-3 0  9991
2 53503  43.0123 149.2301 0001345  85.0634 275.0630 15.06535623401034

STARLINK-6004
1 53504U 22088D   25344.55208333  .00002312  00000-0  14987-3 0  9993
2 53504  42.9790 152.5634 0001098  81.7301 278.3963 15.06532290400701

STARLINK-6005
1 53505U 22088E   25344.55208333  .00002398  00000-0  15612-3 0  9996
2 53505  43.0234 148.1190 0001456  86.1734 273.9519 15.06536734401145

ONEWEB-6
1 44062U 19010F   25344.57291667  .00000234  00000-0  11234-3 0  9994
2 44062  87.9345 126.8765 0001567  91.1008 268.9456 13.49876745365156

ONEWEB-7
1 44063U 19010G   25344.57291667  .00000212  00000-0  10512-3 0  9991
2 44063  87.8679 120.2099 0000901  97.1675 263.0437 13.49870079364490

ONEWEB-8
1 44064U 19010H   25344.57291667  .00000267  00000-0  12012-3 0  9993
2 44064  87.9456 127.9876 0001678  90.0897 269.9567 13.49877856365267

ONEWEB-9
1 44065U 19010J   25344.57291667  .00000201  00000-0  10123-3 0  9996
2 44065  87.8568 119.0988 0000790  98.2786 262.0348 13.49868968364379

ONEWEB-10
1 44066U 19010K   25344.57291667  .00000278  00000-0  12512-3 0  9994
2 44066  87.9567 129.0987 0001789  88.9786 271.0678 13.49878967365378

TELESAT LEO-1
1 48915U 21059D   25344.57291667  .00000345  00000-0  17012-3 0  9991
2 48915  98.9012 122.5432 0001234  94.6341 265.5012 13.69812523366123

TELESAT LEO-2
1 48916U 21059E   25344.57291667  .00000334  00000-0  16523-3 0  9993
2 48916  98.8901 121.4321 0001123  95.5452 264.6123 13.69811412366012

AST SPACEMOBILE-1
1 54707U 22178A   25344.58333333  .00000189  00000-0  90123-4 0  9996
2 54707  53.0012 143.3412 0001234  84.2341 275.9012 14.56734412420901

AST SPACEMOBILE-2
1 54708U 22178B   25344.58333333  .00000178  00000-0  85012-4 0  9994
2 54708  52.9901 142.2301 0001123  85.1452 275.0123 14.56733301420790

PLANET DOVE-1
1 47944U 21012A   25344.59375000  .00002123  00000-0  13512-3 0  9991
2 47944  97.6012 172.5432 0001234  95.6341 264.5012 15.09434412432761

PLANET DOVE-2
1 47945U 21012B   25344.59375000  .00002012  00000-0  12901-3 0  9993
2 47945  97.5901 171.4321 0001123  96.5452 263.6123 15.09433301432650

PLANET DOVE-3
1 47946U 21012C   25344.59375000  .00002234  00000-0  14123-3 0  9996
2 47946  97.6123 173.6543 0001345  94.5230 265.5234 15.09435523432872

PLANET DOVE-4
1 47947U 21012D   25344.59375000  .00001901  00000-0  12290-3 0  9994
2 47947  97.5790 170.3210 0001098  97.4563 262.7345 15.09432190432539

SPIRE SAT-1
1 49387U 21059F   25344.60416667  .00000156  00000-0  75234-4 0  9991
2 49387  97.8512 170.6432 0001560 100.7654 259.4345 14.89334412424987

SPIRE SAT-2
1 49388U 21059G   25344.60416667  .00000145  00000-0  70123-4 0  9993
2 49388  97.8401 169.5321 0001450 101.6765 258.5456 14.89333301424876

SPIRE SAT-3
1 49389U 21059H   25344.60416667  .00000167  00000-0  80345-4 0  9996
2 49389  97.8623 171.7543 0001670  99.6543 260.5567 14.89335523425098

CAPELLA-2
1 46054U 20061B   25344.61458333  .00000456  00000-0  22512-4 0  9994
2 46054  97.5512 170.4321 0001234  98.8234 261.3512 14.98512301430212

CAPELLA-3
1 48900U 21059I   25344.61458333  .00000445  00000-0  21901-4 0  9991
2 48900  97.5401 169.3210 0001123  99.7345 260.4623 14.98511190430101

ICEYE-X1
1 43800U 18099B   25344.62500000  .00000789  00000-0  39012-4 0  9993
2 43800  97.7512 170.8765 0001234  97.5234 262.6234 15.03198190431890

ICEYE-X2
1 44390U 19038B   25344.62500000  .00000778  00000-0  38123-4 0  9996
2 44390  97.7401 169.7654 0001123  98.4345 261.7345 15.03197079431779

ICEYE-X4
1 46592U 20055C   25344.63541667  .00000767  00000-0  37234-4 0  9994
2 46592  97.7290 168.6543 0001012  99.3456 260.8456 15.03195968431668

SATELLOGIC NEWSAT-1
1 43786U 18099C   25344.63541667  .00001234  00000-0  64512-4 0  9991
2 43786  97.6512 170.9876 0001234  97.1234 263.0512 15.26434190436654

SATELLOGIC NEWSAT-2
1 43787U 18099D   25344.63541667  .00001123  00000-0  58234-4 0  9993
2 43787  97.6401 169.8765 0001123  98.0345 262.1623 15.26433079436543

UMBRA SAR-1
1 52737U 22057D   25344.64583333  .00000678  00000-0  33512-4 0  9996
2 52737  97.6512 170.2345 0001234  99.2341 261.0512 14.92312190425432

UMBRA SAR-2
1 52738U 22057E   25344.64583333  .00000667  00000-0  32623-4 0  9994
2 52738  97.6401 169.1234 0001123 100.1452 260.1623 14.92311079425321

SYNSPECTIVE STRIX-A
1 47950U 21012E   25344.65625000  .00000456  00000-0  22512-4 0  9991
2 47950  97.8012 170.6543 0001234  98.5123 261.6234 14.98512857430879

QPS-SAR-1
1 44329U 19021C   25344.65625000  .00000445  00000-0  21901-4 0  9993
2 44329  97.7901 169.5432 0001123  99.4234 260.7345 14.98511746430768

AXELSPACE GRUS-1
1 43786U 18099E   25344.66666667  .00001456  00000-0  74901-4 0  9996
2 43786  97.5512 170.4321 0001012 100.3345 259.8456 14.66534635420657

SATELLOGIC NEWSAT-5
1 49350U 21059J   25344.66666667  .00001234  00000-0  64512-4 0  9994
2 49350  97.5401 169.3210 0000901 101.2456 258.9567 14.66533524420546

PIXXEL FIREFLY-1
1 55000U 22178C   25344.67708333  .00001345  00000-0  68790-4 0  9991
2 55000  97.6012 170.2099 0001234  99.1567 261.0678 15.09534413432847

PIXXEL FIREFLY-2
1 55001U 22178D   25344.67708333  .00001234  00000-0  62679-4 0  9993
2 55001  97.5901 169.0988 0001123 100.0678 260.1789 15.09533302432736

DHRUVA SPACE SAT-1
1 57890U 23091D   25344.68750000  .00001789  00000-0  92234-4 0  9996
2 57890  97.7012 170.9876 0001012 100.9789 259.2900 15.12234191432625

DHRUVA SPACE SAT-2
1 57891U 23091E   25344.68750000  .00001678  00000-0  86123-4 0  9994
2 57891  97.6901 169.8765 0000901 101.8900 258.4011 15.12233080432514

DIGANTARA SAT-1
1 58012U 24001B   25344.69791667  .00001567  00000-0  80012-4 0  9991
2 58012  97.8012 170.8765 0000790 102.8011 257.5122 15.10234969432959

BELLATRIX SAT-1
1 58013U 24001C   25344.69791667  .00001456  00000-0  74901-4 0  9993
2 58013  97.7901 169.7654 0000679 103.7122 256.6233 15.10233858432848

GALAXEYE SAT-1
1 58014U 24001D   25344.70833333  .00001345  00000-0  68790-4 0  9996
2 58014  97.7790 168.6543 0000568 104.6233 255.7344 15.10232747432737

AGNIKUL SPACE SAT
1 60001U 24150A   25344.70833333  .00001234  00000-0  62679-4 0  9994
2 60001  97.8512 169.5432 0000457 105.5344 254.8455 15.07123636431626

SKYROOT SAT-1
1 60002U 24150B   25344.71875000  .00001789  00000-0  92234-4 0  9991
2 60002  97.5012 168.4321 0001234 106.4455 253.9566 15.23134525435515

SKYROOT SAT-2
1 60003U 24150C   25344.71875000  .00001678  00000-0  86123-4 0  9993
2 60003  97.4901 167.3210 0001123 107.3566 253.0677 15.23133414435404

MOMENTUS VIGORIDE-1
1 49645U 21059K   25344.72916667  .00000456  00000-0  22512-4 0  9996
2 49645  97.6512 170.3412 0001234 107.0512 253.1341 14.98512302430768

LAUNCHER ORBITER SN1
1 54684U 22178E   25344.72916667  .00000567  00000-0  27901-4 0  9994
2 54684  97.5512 169.2301 0001123 107.9623 252.2452 14.98513413430879

EXOLAUNCH RIDESHARE-1
1 44330U 19021D   25344.73958333  .00001234  00000-0  64512-4 0  9991
2 44330  97.7012 170.1190 0001012 108.8734 251.3563 15.09812302432959

D-ORBIT ION SCV-1
1 49258U 21088B   25344.73958333  .00001123  00000-0  58234-4 0  9993
2 49258  97.7501 169.0079 0000901 109.7845 250.4674 15.09811191432848

D-ORBIT ION SCV-2
1 50985U 21116A   25344.74166667  .00001012  00000-0  52123-4 0  9996
2 50985  97.6512 167.8968 0000790 110.6956 249.5785 15.09810080432737

SPACEFLIGHT SHERPA-LTE1
1 49263U 21088C   25344.74166667  .00000901  00000-0  45012-4 0  9994
2 49263  97.7012 168.7857 0000679 111.6067 248.6896 15.09808969432626

SPACEFLIGHT SHERPA-FX1
1 47943U 21012F   25344.74166667  .00000790  00000-0  39901-4 0  9991
2 47943  97.8512 167.6746 0000568 112.5178 247.8007 15.09807858432515

ISRO SSLV TEST SAT-1
1 54686U 22182A   25344.75000000  .00001234  00000-0  64512-4 0  9993
2 54686  37.1512 168.5635 0001234 104.1234 256.1234 14.98234747431404

ISRO SSLV TEST SAT-2
1 54687U 22182B   25344.75000000  .00001123  00000-0  58234-4 0  9996
2 54687  37.1401 167.4524 0001123 105.0345 255.2345 14.98233636431293

YUVA-2
1 44329U 19021E   25344.75000000  .00001789  00000-0  92234-4 0  9994
2 44329  97.7512 169.3413 0001012 105.9456 254.3456 15.23512858433180

POCKETQUBE PQ9-1
1 48944U 21059L   25344.75000000  .00002345  00000-0  15234-3 0  9991
2 48944  97.5012 168.2302 0000901 106.8567 253.4567 15.34623747436069

ASTROCAST-0.1
1 44329U 19021F   25344.75833333  .00000234  00000-0  11234-3 0  9993
2 44329  97.7012 169.1191 0000790 107.7678 252.5678 14.87923636427958

ASTROCAST-0.2
1 44330U 19021G   25344.75833333  .00000223  00000-0  10987-3 0  9996
2 44330  97.6901 168.0080 0000679 108.6789 251.6789 14.87922525427847

FOSSA SAT-1
1 44329U 19021H   25344.76041667  .00002456  00000-0  15987-3 0  9994
2 44329  97.5512 168.9969 0000568 109.5900 250.8900 15.34624958436958

FOSSA SAT-2
1 47944U 21012G   25344.76041667  .00002345  00000-0  15234-3 0  9991
2 47944  97.5401 167.8858 0000457 110.5011 249.9011 15.34623847436847

SATELLOGIC NEWSAT-7
1 49351U 21059M   25344.76041667  .00001234  00000-0  64512-4 0  9993
2 49351  97.5290 166.7747 0000346 111.4122 249.0122 14.66534736420436

SATELLOGIC NEWSAT-9
1 52001U 22050L   25344.76041667  .00001123  00000-0  58234-4 0  9996
2 52001  97.5179 165.6636 0000235 112.3233 248.1233 14.66533625420325

TYVAK NANO-3
1 47650U 21003A   25344.76250000  .00001678  00000-0  86123-4 0  9994
2 47650  97.6012 169.5525 0000124 113.2344 247.2344 15.12134514432214

EXOLAUNCH RIDESHARE-2
1 49264U 21088D   25344.76250000  .00001567  00000-0  80012-4 0  9991
2 49264  97.5901 168.4414 0000013 114.1455 246.3455 15.12133403432103

SWARM DOVES F1
1 44329U 19021I   25344.76250000  .00002234  00000-0  14523-3 0  9993
2 44329  97.7512 169.3303 0001234 106.0566 254.0566 15.09534292432992

SWARM DOVES F2
1 44330U 19021J   25344.76250000  .00002123  00000-0  13901-3 0  9996
2 44330  97.7401 168.2192 0001123 106.9677 253.1677 15.09533181432881

SATELIOT-1
1 47946U 21012H   25344.76458333  .00000789  00000-0  39012-4 0  9994
2 47946  97.5012 167.1081 0001012 107.8788 252.2788 14.78334080427770

SATELIOT-2
1 47947U 21012I   25344.76458333  .00000778  00000-0  38123-4 0  9991
2 47947  97.4901 165.9970 0000901 108.7899 251.3899 14.78332969427659

HIVE SAT-1
1 52002U 22050M   25344.76458333  .00001345  00000-0  68790-4 0  9993
2 52002  97.6512 168.8859 0000790 109.7010 250.5010 15.09934858432548

HIVE SAT-2
1 52003U 22050N   25344.76458333  .00001234  00000-0  62679-4 0  9996
2 52003  97.6401 167.7748 0000679 110.6121 249.6121 15.09933747432437

TYVAK NANO-6
1 54688U 22182C   25344.76666667  .00001789  00000-0  92234-4 0  9994
2 54688  97.7012 168.6637 0000568 111.5232 248.7232 15.12134636432326

STARLINK-7001
1 55001U 22202A   25344.55208333  .00002345  00000-0  15234-3 0  9993
2 55001  53.3012 137.4321 0001234  86.2523 273.8741 15.07634512402123

STARLINK-7002
1 55002U 22202B   25344.55208333  .00002234  00000-0  14523-3 0  9996
2 55002  53.2901 138.5432 0001123  85.1412 274.9852 15.07633401402012

STARLINK-7003
1 55003U 22202C   25344.55208333  .00002456  00000-0  15987-3 0  9994
2 55003  53.3123 136.3210 0001345  87.3634 272.7630 15.07635623402234

STARLINK-7004
1 55004U 22202D   25344.55208333  .00002312  00000-0  14987-3 0  9991
2 55004  53.2790 139.6543 0001098  83.0301 277.0963 15.07632290401901

ONEWEB-11
1 44067U 19010L   25344.57291667  .00000289  00000-0  13012-3 0  9993
2 44067  87.9678 130.2098 0001890  87.8675 272.1789 13.49880078365489

ONEWEB-12
1 44068U 19010M   25344.57291667  .00000193  00000-0  09345-3 0  9996
2 44068  87.8457 117.9877 0000679  99.3897 261.0215 13.49867857364268

PLANET DOVE-5
1 47948U 21012J   25344.59375000  .00001890  00000-0  12190-3 0  9994
2 47948  97.5679 169.2099 0000987  98.3674 261.8518 15.09431079432428

PLANET DOVE-6
1 47949U 21012K   25344.59375000  .00001780  00000-0  11479-3 0  9991
2 47949  97.5568 168.0988 0000876  99.2785 260.9629 15.09429968432317

CAPELLA-4
1 51090U 22003A   25344.61458333  .00000434  00000-0  21290-4 0  9993
2 51090  97.5290 168.2099 0001012 100.0456 260.1234 14.98509857430090

CAPELLA-5
1 51091U 22003B   25344.61458333  .00000423  00000-0  20679-4 0  9996
2 51091  97.5179 167.0988 0000901 100.9567 259.2345 14.98508746429979


ICEYE-X6
1 52740U 22057F   25344.63541667  .00000745  00000-0  36901-4 0  9994
2 52740  97.7179 167.5432 0000901 101.1456 259.2345 15.03193857431557